"","category","over_represented_pvalue","under_represented_pvalue","numDEInCat","numInCat","Annotation","ontology"
"1","GO:0030599",3.82854547800264e-05,0.999996141574026,7,57,"pectinesterase activity","MF"
"2","GO:0045330",8.53343492178007e-05,0.999992298145329,6,48,"aspartyl esterase activity","MF"
"3","GO:0046983",0.000317086551145644,0.999903093375273,15,333,"protein dimerization activity","MF"
"4","GO:0043295",0.000621909234223783,0.999959785271982,4,20,"glutathione binding","MF"
"5","GO:2001147",0.00125668460473375,0.999991274057604,2,3,"camalexin binding","MF"
"6","GO:2001227",0.00125668460473375,0.999991274057604,2,3,"quercitrin binding","MF"
"7","GO:0030246",0.00127967747124638,0.999637401003882,11,237,"carbohydrate binding","MF"
"8","GO:0015293",0.00138555958678718,0.999829303141685,5,58,"symporter activity","MF"
"9","GO:0046910",0.00160750102373194,0.99974170991966,6,66,"pectinesterase inhibitor activity","MF"
"10","GO:0004601",0.00200875066423252,0.99953833033994,8,134,"peroxidase activity","MF"
"11","GO:0004364",0.00213854908861236,0.999636108905827,6,67,"glutathione transferase activity","MF"
"12","GO:0008061",0.00458454816179861,0.999670637569606,3,19,"chitin binding","MF"
"13","GO:0010309",0.00590033379899834,0.999829905387378,2,7,"acireductone dioxygenase [iron(II)-requiring] activity","MF"
"14","GO:0016798",0.00653098411102278,0.999127806015168,4,44,"hydrolase activity, acting on glycosyl bonds","MF"
"15","GO:0051213",0.00735217586131213,0.998113689459823,7,136,"dioxygenase activity","MF"
"16","GO:0020037",0.00903646943069585,0.996508309174958,12,328,"heme binding","MF"
"17","GO:0005384",0.00906246547627369,0.999137410353201,3,27,"manganese ion transmembrane transporter activity","MF"
"18","GO:0000977",0.00953734737738826,0.998125151002679,5,86,"RNA polymerase II regulatory region sequence-specific DNA binding","MF"
"19","GO:0016847",0.0102232823672131,0.99957233951824,2,10,"1-aminocyclopropane-1-carboxylate synthase activity","MF"
"20","GO:0004568",0.0106347001705433,0.998937197508434,3,24,"chitinase activity","MF"
"21","GO:0003999",0.0113032822660134,0.999493197999449,2,11,"adenine phosphoribosyltransferase activity","MF"
"22","GO:0030170",0.011750982814742,0.997095399390294,6,126,"pyridoxal phosphate binding","MF"
"23","GO:0016491",0.0121856708869659,0.994525095400215,15,488,"oxidoreductase activity","MF"
"24","GO:0080011",0.0122046592827895,1,1,1,"baruol synthase activity","MF"
"25","GO:0000293",0.0134377658693088,0.999323595228817,2,13,"ferric-chelate reductase activity","MF"
"26","GO:0050403",0.0142251511678982,1,1,1,"trans-zeatin O-beta-D-glucosyltransferase activity","MF"
"27","GO:0050502",0.0142251511678982,1,1,1,"cis-zeatin O-beta-D-glucosyltransferase activity","MF"
"28","GO:0046915",0.0145965511162486,1,1,1,"transition metal ion transmembrane transporter activity","MF"
"29","GO:0015562",0.0151929752086104,0.999193397592371,2,12,"efflux transmembrane transporter activity","MF"
"30","GO:0015171",0.0152046914474535,0.997360628502746,4,64,"amino acid transmembrane transporter activity","MF"
"31","GO:0008974",0.0152054627522624,1,1,1,"phosphoribulokinase activity","MF"
"32","GO:0050278",0.015347384884498,1,1,1,"sedoheptulose-bisphosphatase activity","MF"
"33","GO:0016762",0.0184538353457756,0.997691504626372,3,31,"xyloglucan:xyloglucosyl transferase activity","MF"
"34","GO:0003712",0.0192387345921696,0.996418135359744,4,64,"transcription coregulator activity","MF"
"35","GO:0004867",0.0214006640800635,0.998678085409915,2,10,"serine-type endopeptidase inhibitor activity","MF"
"36","GO:0052793",0.0229055463589005,0.998423754577594,2,17,"pectin acetylesterase activity","MF"
"37","GO:0016866",0.0244685162222763,0.998238207842719,2,19,"intramolecular transferase activity","MF"
"38","GO:0004107",0.0285145207695423,0.999794211228003,1,2,"chorismate synthase activity","MF"
"39","GO:0004411",0.0295990070503265,0.999778136905832,1,2,"homogentisate 1,2-dioxygenase activity","MF"
"40","GO:0047100",0.0305389253364228,0.999763708802567,1,2,"glyceraldehyde-3-phosphate dehydrogenase (NADP+) (phosphorylating) activity","MF"
"41","GO:0010333",0.0306376677322192,0.997511500750058,2,19,"terpene synthase activity","MF"
"42","GO:0030272",0.0310569527834624,0.999755559522253,1,2,"5-formyltetrahydrofolate cyclo-ligase activity","MF"
"43","GO:0016168",0.0334148676670435,0.994719387090304,3,35,"chlorophyll binding","MF"
"44","GO:0016532",0.0334451728362329,0.999716172197425,1,2,"superoxide dismutase copper chaperone activity","MF"
"45","GO:0004565",0.0337546486677875,0.997069287555778,2,23,"beta-galactosidase activity","MF"
"46","GO:0000250",0.0365197856267642,0.999549005391099,1,3,"lanosterol synthase activity","MF"
"47","GO:0009975",0.0369123909271371,0.996657903209906,2,21,"cyclase activity","MF"
"48","GO:0046429",0.0394776750541636,0.999472276558363,1,3,"4-hydroxy-3-methylbut-2-en-1-yl diphosphate synthase activity","MF"
"49","GO:0015114",0.0405727337153476,0.996107838570004,2,23,"phosphate ion transmembrane transporter activity","MF"
"50","GO:0015078",0.0406183252608894,0.996194265329913,2,17,"proton transmembrane transporter activity","MF"
"51","GO:0015276",0.0414458000397066,0.999417821051823,1,3,"ligand-gated ion channel activity","MF"
"52","GO:0004675",0.0422477011619333,0.984532475473813,7,216,"transmembrane receptor protein serine/threonine kinase activity","MF"
"53","GO:0033853",0.0428680919525529,0.999376771172721,1,3,"aspartate-prephenate aminotransferase activity","MF"
"54","GO:0033854",0.0428680919525529,0.999376771172721,1,3,"glutamate-prephenate aminotransferase activity","MF"
"55","GO:0046863",0.0436390973934251,0.999353922366033,1,3,"ribulose-1,5-bisphosphate carboxylase/oxygenase activator activity","MF"
"56","GO:0016624",0.04385865128911,0.999347339105104,1,3,"oxidoreductase activity, acting on the aldehyde or oxo group of donors, disulfide as acceptor","MF"
"57","GO:1903425",0.0441607107570729,0.999338226291527,1,3,"fluoride transmembrane transporter activity","MF"
"58","GO:1905761",0.0453145751204868,0.999302821642217,1,3,"SCF ubiquitin ligase complex binding","MF"
"59","GO:0042286",0.0473869534877375,0.999236866621874,1,3,"glutamate-1-semialdehyde 2,1-aminomutase activity","MF"
"60","GO:0031127",0.0502920249257385,0.999139276466739,1,3,"alpha-(1,2)-fucosyltransferase activity","MF"
"61","GO:0030247",0.0510009273005913,0.990317528530352,3,52,"polysaccharide binding","MF"
"62","GO:0019904",0.0513900502382188,0.994388858358398,2,23,"protein domain specific binding","MF"
"63","GO:0045548",0.054733162177462,0.998852551993894,1,4,"phenylalanine ammonia-lyase activity","MF"
"64","GO:0030234",0.0569442287252495,0.993419542288598,2,23,"enzyme regulator activity","MF"
"65","GO:0047782",0.0578888242162649,0.99871466141691,1,4,"coniferin beta-glucosidase activity","MF"
"66","GO:0015185",0.0579113945944214,0.998713646291286,1,4,"gamma-aminobutyric acid transmembrane transporter activity","MF"
"67","GO:0000048",0.0584194833718973,0.998690685738528,1,4,"peptidyltransferase activity","MF"
"68","GO:0036374",0.0584194833718973,0.998690685738528,1,4,"glutathione hydrolase activity","MF"
"69","GO:0102953",0.0584194833718973,0.998690685738528,1,4,"hypoglycin A gamma-glutamyl transpeptidase activity","MF"
"70","GO:0103068",0.0584194833718973,0.998690685738528,1,4,"leukotriene C4 gamma-glutamyl transferase activity","MF"
"71","GO:0042132",0.0612824442641228,0.99855740998939,1,4,"fructose 1,6-bisphosphate 1-phosphatase activity","MF"
"72","GO:0046872",0.0616128573240136,0.955894642532722,45,2223,"metal ion binding","MF"
"73","GO:0008422",0.0626928347247925,0.986988536271849,3,64,"beta-glucosidase activity","MF"
"74","GO:0003700",0.0630228747007208,0.955703784552699,40,1868,"DNA-binding transcription factor activity","MF"
"75","GO:0016706",0.0633691290876127,0.986850556327365,3,55,"oxidoreductase activity, acting on paired donors, with incorporation or reduction of molecular oxygen, 2-oxoglutarate as one donor, and incorporation of one atom each of oxygen into both donors","MF"
"76","GO:0009916",0.0640744914183543,0.998421040187899,1,4,"alternative oxidase activity","MF"
"77","GO:0102721",0.0640744914183543,0.998421040187899,1,4,"ubiquinol:oxygen oxidoreductase activity","MF"
"78","GO:0008757",0.0648393102367011,0.986420010157335,3,55,"S-adenosylmethionine-dependent methyltransferase activity","MF"
"79","GO:0008066",0.0672434484015975,0.998144636420532,1,5,"glutamate receptor activity","MF"
"80","GO:0004970",0.0708170985449697,0.990589211431083,2,32,"ionotropic glutamate receptor activity","MF"
"81","GO:0005217",0.0708170985449697,0.990589211431083,2,32,"intracellular ligand-gated ion channel activity","MF"
"82","GO:0047216",0.0716225515263961,0.998020576796333,1,4,"inositol 3-alpha-galactosyltransferase activity","MF"
"83","GO:0003863",0.0730165907699236,0.997807046300069,1,5,"3-methyl-2-oxobutanoate dehydrogenase (2-methylpropanoyl-transferring) activity","MF"
"84","GO:0003756",0.0741076152992058,0.989927911905683,2,30,"protein disulfide isomerase activity","MF"
"85","GO:0018423",0.0758535794326859,0.99763048339137,1,5,"protein C-terminal leucine carboxyl O-methyltransferase activity","MF"
"86","GO:0052634",0.0765531273207983,0.997585861563673,1,5,"C-19 gibberellin 2-beta-dioxygenase activity","MF"
"87","GO:0008324",0.0783273041396726,0.989034978668445,2,29,"cation transmembrane transporter activity","MF"
"88","GO:0043531",0.0802814489695869,0.972091053523137,5,167,"ADP binding","MF"
"89","GO:0016829",0.0807801783898959,0.976075504642697,4,102,"lyase activity","MF"
"90","GO:0052689",0.0823993120458721,0.97543315067845,4,102,"carboxylic ester hydrolase activity","MF"
"91","GO:0046577",0.0826170416408742,0.997066353665535,1,6,"long-chain-alcohol oxidase activity","MF"
"92","GO:0052692",0.0830031464485455,0.99703839619403,1,6,"raffinose alpha-galactosidase activity","MF"
"93","GO:0004557",0.0844243286129399,0.996934307477157,1,6,"alpha-galactosidase activity","MF"
"94","GO:0005381",0.0845142362805845,0.987647904801555,2,29,"iron ion transmembrane transporter activity","MF"
"95","GO:0004566",0.085976664740271,0.996818485123172,1,6,"beta-glucuronidase activity","MF"
"96","GO:0120091",0.0859942334307039,0.996817161563925,1,6,"jasmonic acid hydrolase","MF"
"97","GO:0016151",0.0860967793851235,0.99693399625812,1,5,"nickel cation binding","MF"
"98","GO:0003826",0.0868343627844447,0.996753536438635,1,6,"alpha-ketoacid dehydrogenase activity","MF"
"99","GO:0004351",0.0933817584721743,0.996130703306212,1,7,"glutamate decarboxylase activity","MF"
"100","GO:0051980",0.0946217418724424,0.996025250020905,1,7,"iron-nicotianamine transmembrane transporter activity","MF"
"101","GO:0019210",0.0983515161721195,0.995977990788139,1,5,"kinase inhibitor activity","MF"
"102","GO:0004365",0.0992757859426508,0.995616286313318,1,7,"glyceraldehyde-3-phosphate dehydrogenase (NAD+) (phosphorylating) activity","MF"
"103","GO:0016756",0.100824393337776,0.995475581534324,1,7,"glutathione gamma-glutamylcysteinyltransferase activity","MF"
"104","GO:0017172",0.101892005818654,0.995377230592501,1,7,"cysteine dioxygenase activity","MF"
"105","GO:0080061",0.104364565247892,0.99514521642434,1,7,"indole-3-acetonitrile nitrilase activity","MF"
"106","GO:0080109",0.104364565247892,0.99514521642434,1,7,"indole-3-acetonitrile nitrile hydratase activity","MF"
"107","GO:0004791",0.106707734907323,0.994817497626235,1,8,"thioredoxin-disulfide reductase activity","MF"
"108","GO:0031625",0.107793826973438,0.971991428240085,3,65,"ubiquitin protein ligase binding","MF"
"109","GO:0004722",0.110012089419193,0.953596637046506,6,219,"protein serine/threonine phosphatase activity","MF"
"110","GO:0004724",0.113555287261632,0.962112763535005,4,121,"magnesium-dependent protein serine/threonine phosphatase activity","MF"
"111","GO:0008107",0.113900294078925,0.994194697698067,1,7,"galactoside 2-alpha-L-fucosyltransferase activity","MF"
"112","GO:0005199",0.11565159359546,0.979606630782272,2,34,"structural constituent of cell wall","MF"
"113","GO:0052852",0.116179016142747,0.993832931844796,1,8,"very-long-chain-(S)-2-hydroxy-acid oxidase activity","MF"
"114","GO:0052853",0.116179016142747,0.993832931844796,1,8,"long-chain-(S)-2-hydroxy-long-chain-acid oxidase activity","MF"
"115","GO:0052854",0.116179016142747,0.993832931844796,1,8,"medium-chain-(S)-2-hydroxy-acid oxidase activity","MF"
"116","GO:0015368",0.116921517567416,0.993656410799693,1,9,"calcium:cation antiporter activity","MF"
"117","GO:0000257",0.11741159603406,0.99369820453411,1,8,"nitrilase activity","MF"
"118","GO:0008200",0.117662771500276,0.994546528315892,1,4,"ion channel inhibitor activity","MF"
"119","GO:0016149",0.120600986285129,0.993342493810462,1,8,"translation release factor activity, codon specific","MF"
"120","GO:0005385",0.120960834620779,0.978031242648716,2,37,"zinc ion transmembrane transporter activity","MF"
"121","GO:0016301",0.121257106668609,0.916803482020561,25,1329,"kinase activity","MF"
"122","GO:0003883",0.123565378721158,0.992810602187806,1,10,"CTP synthase activity","MF"
"123","GO:0102483",0.123714198768744,0.977132482119438,2,42,"scopolin beta-glucosidase activity","MF"
"124","GO:0008891",0.127024753068398,0.99248200476247,1,9,"glycolate oxidase activity","MF"
"125","GO:0050897",0.127212261949669,0.964369666774243,3,77,"cobalt ion binding","MF"
"126","GO:0019825",0.127604163813859,0.944015214600415,6,214,"oxygen binding","MF"
"127","GO:0015369",0.129355016759027,0.992102710798984,1,10,"calcium:proton antiporter activity","MF"
"128","GO:0016174",0.130963587045098,0.991821451639285,1,11,"NAD(P)H oxidase activity","MF"
"129","GO:0010181",0.131922103990814,0.974696079723748,2,41,"FMN binding","MF"
"130","GO:0043015",0.132718863903245,0.991675326630653,1,10,"gamma-tubulin binding","MF"
"131","GO:0050017",0.13279121943689,0.991764580211446,1,9,"L-3-cyanoalanine synthase activity","MF"
"132","GO:0042578",0.135328763338551,0.991251849994415,1,11,"phosphoric ester hydrolase activity","MF"
"133","GO:0016702",0.139870360948915,0.990727142204907,1,10,"oxidoreductase activity, acting on single donors with incorporation of molecular oxygen, incorporation of two atoms of oxygen","MF"
"134","GO:0004693",0.146021603466105,0.956465282995415,3,86,"cyclin-dependent protein serine/threonine kinase activity","MF"
"135","GO:0008134",0.149360330085946,0.945011757134807,4,131,"transcription factor binding","MF"
"136","GO:0008515",0.152282158235501,0.988846432266995,1,11,"sucrose transmembrane transporter activity","MF"
"137","GO:0008417",0.153785654212662,0.988726300505137,1,10,"fucosyltransferase activity","MF"
"138","GO:0030983",0.153893322464606,0.988435253523055,1,13,"mismatched DNA binding","MF"
"139","GO:0016810",0.155331318297932,0.988380860574476,1,11,"hydrolase activity, acting on carbon-nitrogen (but not peptide) bonds","MF"
"140","GO:0004526",0.156280386616859,0.988482302768693,1,9,"ribonuclease P activity","MF"
"141","GO:0050833",0.162549711386757,0.987359085474105,1,10,"pyruvate transmembrane transporter activity","MF"
"142","GO:0051011",0.167946312299655,0.986148146137509,1,13,"microtubule minus-end binding","MF"
"143","GO:0046933",0.169476466622004,0.962328852918448,2,38,"proton-transporting ATP synthase activity, rotational mechanism","MF"
"144","GO:0015250",0.171002307701852,0.961627833305843,2,43,"water channel activity","MF"
"145","GO:0009044",0.171121154879409,0.985600868296468,1,13,"xylan 1,4-beta-xylosidase activity","MF"
"146","GO:0008194",0.173710504975007,0.932393260905473,4,133,"UDP-glycosyltransferase activity","MF"
"147","GO:0046556",0.176605170796297,0.98454266945793,1,14,"alpha-L-arabinofuranosidase activity","MF"
"148","GO:0004024",0.176895680734685,0.984576280738904,1,13,"alcohol dehydrogenase activity, zinc-dependent","MF"
"149","GO:0051903",0.176895680734685,0.984576280738904,1,13,"S-(hydroxymethyl)glutathione dehydrogenase activity","MF"
"150","GO:0051119",0.181793744493008,0.983677512799546,1,13,"sugar transmembrane transporter activity","MF"
"151","GO:0004792",0.18422848885662,0.983459286166432,1,11,"thiosulfate sulfurtransferase activity","MF"
"152","GO:0015491",0.187374512022488,0.982523120905318,1,14,"cation:cation antiporter activity","MF"
"153","GO:0035312",0.188931645040392,0.982134729080225,1,15,"5'-3' exodeoxyribonuclease activity","MF"
"154","GO:0008893",0.191479122736433,0.981819348298811,1,13,"guanosine-3',5'-bis(diphosphate) 3'-diphosphatase activity","MF"
"155","GO:0004143",0.193489824802254,0.98114893036294,1,16,"diacylglycerol kinase activity","MF"
"156","GO:0042300",0.193583036765757,0.981130042594071,1,16,"beta-amyrin synthase activity","MF"
"157","GO:0008271",0.200538139271769,0.97961766088314,1,17,"secondary active sulfate transmembrane transporter activity","MF"
"158","GO:0004362",0.203618102518302,0.979336810297657,1,13,"glutathione-disulfide reductase activity","MF"
"159","GO:0080044",0.204997684339059,0.928657528178749,3,92,"quercetin 7-O-glucosyltransferase activity","MF"
"160","GO:0008810",0.205971179325433,0.978528362716698,1,16,"cellulase activity","MF"
"161","GO:0004069",0.20636977415408,0.978441620946179,1,16,"L-aspartate:2-oxoglutarate aminotransferase activity","MF"
"162","GO:0004784",0.208834957484903,0.978096359224722,1,14,"superoxide dismutase activity","MF"
"163","GO:0015086",0.210700275690384,0.977486948148183,1,16,"cadmium ion transmembrane transporter activity","MF"
"164","GO:0102336",0.210754437590713,0.977567719495728,1,15,"3-oxo-arachidoyl-CoA synthase activity","MF"
"165","GO:0102337",0.210754437590713,0.977567719495728,1,15,"3-oxo-cerotoyl-CoA synthase activity","MF"
"166","GO:0102338",0.210754437590713,0.977567719495728,1,15,"3-oxo-lignoceronyl-CoA synthase activity","MF"
"167","GO:0102756",0.210754437590713,0.977567719495728,1,15,"very-long-chain 3-ketoacyl-CoA synthase activity","MF"
"168","GO:0016757",0.212850636639948,0.865104958506138,12,609,"transferase activity, transferring glycosyl groups","MF"
"169","GO:0004497",0.213241192308914,0.910191279277292,4,150,"monooxygenase activity","MF"
"170","GO:0004861",0.215983106881168,0.976780022368326,1,12,"cyclin-dependent protein serine/threonine kinase inhibitor activity","MF"
"171","GO:0080043",0.223191306096845,0.91911396303258,3,96,"quercetin 3-O-glucosyltransferase activity","MF"
"172","GO:0004674",0.223254247734723,0.847562844277938,16,906,"protein serine/threonine kinase activity","MF"
"173","GO:0043130",0.224319427475641,0.939929918708448,2,61,"ubiquitin binding","MF"
"174","GO:0016621",0.225904150980004,0.973955598777962,1,16,"cinnamoyl-CoA reductase activity","MF"
"175","GO:0035614",0.22896711132183,0.973113351227607,1,17,"snRNA stem-loop binding","MF"
"176","GO:0015020",0.229170644960791,0.973063224197318,1,17,"glucuronosyltransferase activity","MF"
"177","GO:0004553",0.229700824518202,0.889233732532032,5,216,"hydrolase activity, hydrolyzing O-glycosyl compounds","MF"
"178","GO:0004311",0.231653361922126,0.972787061385146,1,14,"farnesyltranstransferase activity","MF"
"179","GO:0004337",0.232484298560702,0.972581762587536,1,14,"geranyltranstransferase activity","MF"
"180","GO:0003843",0.239301678518614,0.970063198654492,1,23,"1,3-beta-D-glucan synthase activity","MF"
"181","GO:0003747",0.246057735075454,0.968536414317881,1,19,"translation release factor activity","MF"
"182","GO:0016788",0.246673627486274,0.906152728582402,3,102,"hydrolase activity, acting on ester bonds","MF"
"183","GO:0016705",0.254036327029277,0.901837055743632,3,113,"oxidoreductase activity, acting on paired donors, with incorporation or reduction of molecular oxygen","MF"
"184","GO:0009815",0.259410817847317,0.965037720052332,1,17,"1-aminocyclopropane-1-carboxylate oxidase activity","MF"
"185","GO:0004124",0.263028862182767,0.963784880912732,1,19,"cysteine synthase activity","MF"
"186","GO:0005315",0.26402101535055,0.963403792203132,1,20,"inorganic phosphate transmembrane transporter activity","MF"
"187","GO:0016758",0.265187795920346,0.895374717814482,3,112,"transferase activity, transferring hexosyl groups","MF"
"188","GO:0003951",0.267528098562435,0.962135068825765,1,23,"NAD+ kinase activity","MF"
"189","GO:0015116",0.272152664466434,0.960809950571164,1,22,"sulfate transmembrane transporter activity","MF"
"190","GO:0005504",0.273282357239205,0.960964157260204,1,17,"fatty acid binding","MF"
"191","GO:0016740",0.27331897709827,0.830254022899818,9,414,"transferase activity","MF"
"192","GO:0008171",0.279312367828567,0.958872779706058,1,19,"O-methyltransferase activity","MF"
"193","GO:0004161",0.27951011373264,0.958925276819388,1,18,"dimethylallyltranstransferase activity","MF"
"194","GO:0015301",0.282541078720416,0.957353328178893,1,25,"anion:anion antiporter activity","MF"
"195","GO:0001055",0.28716085335831,0.956270738992425,1,20,"RNA polymerase II activity","MF"
"196","GO:0030570",0.298252607696245,0.952226120295481,1,24,"pectate lyase activity","MF"
"197","GO:0071949",0.303087874344607,0.90098929664756,2,75,"FAD binding","MF"
"198","GO:0005543",0.303677150927634,0.950354045152078,1,24,"phospholipid binding","MF"
"199","GO:0050661",0.308652784565026,0.897957975954898,2,74,"NADP binding","MF"
"200","GO:0008553",0.312727396334439,0.946849267786373,1,28,"proton-exporting ATPase activity, phosphorylative mechanism","MF"
"201","GO:0008143",0.314005021784639,0.94659412340476,1,25,"poly(A) binding","MF"
"202","GO:0030674",0.314585648492544,0.946382578468081,1,25,"protein binding, bridging","MF"
"203","GO:0008083",0.315764888000515,0.947071932423098,1,16,"growth factor activity","MF"
"204","GO:0045309",0.318572537536475,0.945092902897515,1,23,"protein phosphorylated amino acid binding","MF"
"205","GO:0034459",0.318691863882349,0.944535966086325,1,30,"ATP-dependent 3'-5' RNA helicase activity","MF"
"206","GO:0017025",0.31897088707406,0.944691447852016,1,26,"TBP-class protein binding","MF"
"207","GO:0008353",0.320753475248173,0.943954043242242,1,27,"RNA polymerase II CTD heptapeptide repeat kinase activity","MF"
"208","GO:0047372",0.32665253019582,0.94187714292953,1,25,"acylglycerol lipase activity","MF"
"209","GO:0005262",0.32772719293468,0.941307414555559,1,27,"calcium channel activity","MF"
"210","GO:0005507",0.329256905312973,0.808229684267458,6,280,"copper ion binding","MF"
"211","GO:0009055",0.332169857648525,0.832499337127824,4,157,"electron transfer activity","MF"
"212","GO:0004805",0.332947218319919,0.939139458039974,1,29,"trehalose-phosphatase activity","MF"
"213","GO:0005528",0.341960597009727,0.935857902168785,1,25,"FK506 binding","MF"
"214","GO:0015267",0.346753630594891,0.934001900972897,1,24,"channel activity","MF"
"215","GO:0019706",0.348922035403487,0.932672670992185,1,29,"protein-cysteine S-palmitoyltransferase activity","MF"
"216","GO:0004712",0.361841976804401,0.866263336920952,2,92,"protein serine/threonine/tyrosine kinase activity","MF"
"217","GO:0003899",0.369803292436526,0.861497185786801,2,79,"DNA-directed 5'-3' RNA polymerase activity","MF"
"218","GO:0016709",0.376717515356806,0.821828583963618,3,136,"oxidoreductase activity, acting on paired donors, with incorporation or reduction of molecular oxygen, NAD(P)H as one donor, and incorporation of one atom of oxygen","MF"
"219","GO:0003682",0.381172409340884,0.818389104983043,3,154,"chromatin binding","MF"
"220","GO:0000149",0.394462166118807,0.845235970049655,2,84,"SNARE binding","MF"
"221","GO:0003779",0.42308287832043,0.825153244142199,2,95,"actin binding","MF"
"222","GO:0019888",0.428925752002942,0.893447182216641,1,40,"protein phosphatase regulator activity","MF"
"223","GO:0003677",0.428949145685758,0.638599414297964,36,2135,"DNA binding","MF"
"224","GO:0015144",0.439164747175333,0.813298423909646,2,104,"carbohydrate transmembrane transporter activity","MF"
"225","GO:0016779",0.441127671492579,0.886557585798061,1,41,"nucleotidyltransferase activity","MF"
"226","GO:0008289",0.443989317899371,0.744501075057321,4,195,"lipid binding","MF"
"227","GO:0044212",0.445068670649631,0.700969728314978,7,373,"transcription regulatory region DNA binding","MF"
"228","GO:0042803",0.451930021100793,0.737548390279667,4,219,"protein homodimerization activity","MF"
"229","GO:0050660",0.454983209284277,0.801405346127084,2,105,"flavin adenine dinucleotide binding","MF"
"230","GO:0005351",0.459191891800302,0.798129015918664,2,108,"carbohydrate:proton symporter activity","MF"
"231","GO:0042626",0.464045214514897,0.794175683334489,2,121,"ATPase activity, coupled to transmembrane movement of substances","MF"
"232","GO:0050662",0.464779035345882,0.872832530930204,1,37,"coenzyme binding","MF"
"233","GO:0004176",0.468639985634226,0.869993459614694,1,44,"ATP-dependent peptidase activity","MF"
"234","GO:0008094",0.47148863021901,0.868010439926575,1,48,"DNA-dependent ATPase activity","MF"
"235","GO:0051539",0.494071856242025,0.77059320289095,2,97,"4 iron, 4 sulfur cluster binding","MF"
"236","GO:0016853",0.496494596183894,0.852074392321354,1,42,"isomerase activity","MF"
"237","GO:0008565",0.498599771464726,0.766597930358231,2,109,"protein transporter activity","MF"
"238","GO:0004650",0.50022880960885,0.849349850372799,1,45,"polygalacturonase activity","MF"
"239","GO:0004857",0.517994847032857,0.83773063158577,1,35,"enzyme inhibitor activity","MF"
"240","GO:0004672",0.530976431204579,0.596305150024688,10,699,"protein kinase activity","MF"
"241","GO:0008483",0.536040937645749,0.823351966896789,1,49,"transaminase activity","MF"
"242","GO:0016616",0.556514749508276,0.807332058655109,1,50,"oxidoreductase activity, acting on the CH-OH group of donors, NAD or NADP as acceptor","MF"
"243","GO:0004185",0.566647126937831,0.79866487983219,1,58,"serine-type carboxypeptidase activity","MF"
"244","GO:0000978",0.57702275121928,0.790276413690427,1,52,"RNA polymerase II proximal promoter sequence-specific DNA binding","MF"
"245","GO:0016538",0.584358818943328,0.783656369756021,1,58,"cyclin-dependent protein serine/threonine kinase regulator activity","MF"
"246","GO:0004402",0.601122446483814,0.768569145492058,1,62,"histone acetyltransferase activity","MF"
"247","GO:0000287",0.60272877849919,0.670429549331674,2,140,"magnesium ion binding","MF"
"248","GO:0005506",0.605763242133783,0.591017769015968,4,266,"iron ion binding","MF"
"249","GO:0003674",0.609857581968804,0.435374632824859,93,4941,"molecular_function","MF"
"250","GO:0004806",0.611443185099146,0.759043051963122,1,62,"triglyceride lipase activity","MF"
"251","GO:0008375",0.615079906121162,0.755621471078409,1,62,"acetylglucosaminyltransferase activity","MF"
"252","GO:0030145",0.62594384434826,0.746053812003877,1,48,"manganese ion binding","MF"
"253","GO:0043565",0.627748802060751,0.477822801371575,14,895,"sequence-specific DNA binding","MF"
"254","GO:0001228",0.658359156389347,0.711803338301897,1,70,"DNA-binding transcription activator activity, RNA polymerase II-specific","MF"
"255","GO:0004190",0.660725991083496,0.70931398074883,1,69,"aspartic-type endopeptidase activity","MF"
"256","GO:0003713",0.672146566665431,0.696958236928821,1,67,"transcription coactivator activity","MF"
"257","GO:0008233",0.67681735400593,0.590019698630043,2,140,"peptidase activity","MF"
"258","GO:0045735",0.683932109504191,0.684321418894893,1,56,"nutrient reservoir activity","MF"
"259","GO:0003684",0.686548875859598,0.680116646291132,1,82,"damaged DNA binding","MF"
"260","GO:0051015",0.688302043756257,0.67809017096271,1,82,"actin filament binding","MF"
"261","GO:0005484",0.690940430802894,0.675470960490328,1,70,"SNAP receptor activity","MF"
"262","GO:0061630",0.705574278778331,0.507613398555702,3,237,"ubiquitin protein ligase activity","MF"
"263","GO:0005524",0.707549139061064,0.354245716325666,36,2739,"ATP binding","MF"
"264","GO:0004842",0.712579701431529,0.436372121243647,6,449,"ubiquitin-protein transferase activity","MF"
"265","GO:0003755",0.717403846954767,0.643182050659284,1,76,"peptidyl-prolyl cis-trans isomerase activity","MF"
"266","GO:0035091",0.737940711710929,0.61595837859505,1,96,"phosphatidylinositol binding","MF"
"267","GO:0051287",0.740015399349929,0.613439512209242,1,87,"NAD binding","MF"
"268","GO:0004386",0.744993000661873,0.504560014401513,2,192,"helicase activity","MF"
"269","GO:0005525",0.756108666473123,0.415926819768728,4,332,"GTP binding","MF"
"270","GO:0005198",0.76499716907227,0.578449238749002,1,95,"structural molecule activity","MF"
"271","GO:0008026",0.768416753950636,0.573173143089525,1,108,"ATP-dependent helicase activity","MF"
"272","GO:0061631",0.769164607540135,0.572673701277827,1,86,"ubiquitin conjugating enzyme activity","MF"
"273","GO:0004252",0.769456398392477,0.571839867165341,1,100,"serine-type endopeptidase activity","MF"
"274","GO:0022857",0.775724217119128,0.417106869742372,3,268,"transmembrane transporter activity","MF"
"275","GO:0016874",0.807122481370671,0.513370517072553,1,104,"ligase activity","MF"
"276","GO:0016746",0.82084977892016,0.490347737123214,1,103,"transferase activity, transferring acyl groups","MF"
"277","GO:0016887",0.850193680003189,0.30763233548648,3,342,"ATPase activity","MF"
"278","GO:0043621",0.875811732784422,0.386000552785776,1,124,"protein self-association","MF"
"279","GO:0003824",0.876615012466633,0.243943457796228,4,395,"catalytic activity","MF"
"280","GO:0008168",0.876748594630314,0.300429672598326,2,226,"methyltransferase activity","MF"
"281","GO:0015297",0.879086028593831,0.378900952186141,1,138,"antiporter activity","MF"
"282","GO:0003743",0.883906982837722,0.368641139554105,1,136,"translation initiation factor activity","MF"
"283","GO:0000166",0.902087947930732,0.252381189255925,2,271,"nucleotide binding","MF"
"284","GO:0005515",0.912834884039426,0.110770892212002,60,4494,"protein binding","MF"
"285","GO:0005516",0.924489438119645,0.179035637746373,3,382,"calmodulin binding","MF"
"286","GO:0046982",0.939879628236097,0.231249850285619,1,149,"protein heterodimerization activity","MF"
"287","GO:0003676",0.941499054787216,0.123130015588473,5,563,"nucleic acid binding","MF"
"288","GO:0016787",0.942971894301497,0.120486902303871,5,564,"hydrolase activity","MF"
"289","GO:0005509",0.967994730334712,0.104018165621637,2,320,"calcium ion binding","MF"
"290","GO:0008270",0.968121532491328,0.0568196758832856,12,1170,"zinc ion binding","MF"
"291","GO:0003729",0.987944485777067,0.0338963411374307,4,632,"mRNA binding","MF"
"292","GO:0003735",0.996163753504176,0.0140256448522639,3,456,"structural constituent of ribosome","MF"
"293","GO:0003723",0.997912844659474,0.00593691123128677,6,994,"RNA binding","MF"
"294","GO:0000009",1,0.986868090056286,0,1,"alpha-1,6-mannosyltransferase activity","MF"
"295","GO:0000014",1,0.852960514133399,0,11,"single-stranded DNA endodeoxyribonuclease activity","MF"
"296","GO:0000026",1,0.98595367606401,0,1,"alpha-1,2-mannosyltransferase activity","MF"
"297","GO:0000030",1,0.839518577553428,0,12,"mannosyltransferase activity","MF"
"298","GO:0000033",1,0.971478593656657,0,2,"alpha-1,3-mannosyltransferase activity","MF"
"299","GO:0000035",1,0.922742320484666,0,4,"acyl binding","MF"
"300","GO:0000036",1,0.782891700571789,0,13,"acyl carrier activity","MF"
"301","GO:0000049",1,0.686895374149793,0,27,"tRNA binding","MF"
"302","GO:0000062",1,0.842135902910108,0,11,"fatty-acyl-CoA binding","MF"
"303","GO:0000064",1,0.936366480981492,0,4,"L-ornithine transmembrane transporter activity","MF"
"304","GO:0000095",1,0.847349690487328,0,11,"S-adenosyl-L-methionine transmembrane transporter activity","MF"
"305","GO:0000104",1,0.865418416959815,0,9,"succinate dehydrogenase activity","MF"
"306","GO:0000107",1,0.987324971156646,0,1,"imidazoleglycerol-phosphate synthase activity","MF"
"307","GO:0000121",1,0.983323704961367,0,1,"glycerol-1-phosphatase activity","MF"
"308","GO:0000140",1,0.961145522252417,0,2,"acylglycerone-phosphate reductase activity","MF"
"309","GO:0000146",1,0.976136541066338,0,2,"microfilament motor activity","MF"
"310","GO:0000150",1,0.92687142022954,0,5,"recombinase activity","MF"
"311","GO:0000155",1,0.740882605926589,0,23,"phosphorelay sensor kinase activity","MF"
"312","GO:0000156",1,0.557707449995335,0,37,"phosphorelay response regulator activity","MF"
"313","GO:0000170",1,0.902531035810326,0,7,"sphingosine hydroxylase activity","MF"
"314","GO:0000171",1,0.984035679512488,0,1,"ribonuclease MRP activity","MF"
"315","GO:0000175",1,0.699310950361629,0,24,"3'-5'-exoribonuclease activity","MF"
"316","GO:0000179",1,0.931162107774756,0,4,"rRNA (adenine-N6,N6-)-dimethyltransferase activity","MF"
"317","GO:0000182",1,0.984995400607944,0,1,"rDNA binding","MF"
"318","GO:0000210",1,0.743042662657582,0,17,"NAD+ diphosphatase activity","MF"
"319","GO:0000213",1,0.914023125448893,0,5,"tRNA-intron endonuclease activity","MF"
"320","GO:0000215",1,0.966820050600357,0,2,"tRNA 2'-phosphotransferase activity","MF"
"321","GO:0000224",1,0.987303548886417,0,1,"peptide-N4-(N-acetyl-beta-glucosaminyl)asparagine amidase activity","MF"
"322","GO:0000225",1,0.920399715646095,0,5,"N-acetylglucosaminylphosphatidylinositol deacetylase activity","MF"
"323","GO:0000234",1,0.945427768361234,0,4,"phosphoethanolamine N-methyltransferase activity","MF"
"324","GO:0000247",1,0.980195671105153,0,1,"C-8 sterol isomerase activity","MF"
"325","GO:0000248",1,0.964892271977468,0,2,"C-5 sterol desaturase activity","MF"
"326","GO:0000249",1,0.951452470906002,0,3,"C-22 sterol desaturase activity","MF"
"327","GO:0000254",1,0.892319378756801,0,7,"C-4 methylsterol oxidase activity","MF"
"328","GO:0000285",1,0.854948558173826,0,13,"1-phosphatidylinositol-3-phosphate 5-kinase activity","MF"
"329","GO:0000309",1,0.886474040409309,0,8,"nicotinamide-nucleotide adenylyltransferase activity","MF"
"330","GO:0000339",1,0.865182797990885,0,8,"RNA cap binding","MF"
"331","GO:0000340",1,0.86487336548533,0,9,"RNA 7-methylguanosine cap binding","MF"
"332","GO:0000384",1,0.966845582874889,0,2,"first spliceosomal transesterification activity","MF"
"333","GO:0000386",1,0.93287329828432,0,5,"second spliceosomal transesterification activity","MF"
"334","GO:0000400",1,0.864268251947212,0,10,"four-way junction DNA binding","MF"
"335","GO:0000403",1,0.98464920798845,0,1,"Y-form DNA binding","MF"
"336","GO:0000406",1,0.98464920798845,0,1,"double-strand/single-strand DNA junction binding","MF"
"337","GO:0000701",1,0.985671141856617,0,1,"purine-specific mismatch base pair DNA N-glycosylase activity","MF"
"338","GO:0000703",1,0.97087513722431,0,2,"oxidized pyrimidine nucleobase lesion DNA N-glycosylase activity","MF"
"339","GO:0000773",1,0.960594134467977,0,2,"phosphatidyl-N-methylethanolamine N-methyltransferase activity","MF"
"340","GO:0000774",1,0.864191557632867,0,9,"adenyl-nucleotide exchange factor activity","MF"
"341","GO:0000822",1,0.961554320067334,0,3,"inositol hexakisphosphate binding","MF"
"342","GO:0000823",1,0.93398738330843,0,4,"inositol-1,4,5-trisphosphate 6-kinase activity","MF"
"343","GO:0000824",1,0.93398738330843,0,4,"inositol tetrakisphosphate 3-kinase activity","MF"
"344","GO:0000828",1,0.941265175776267,0,5,"inositol hexakisphosphate kinase activity","MF"
"345","GO:0000829",1,0.941265175776267,0,5,"inositol heptakisphosphate kinase activity","MF"
"346","GO:0000832",1,0.976074077255021,0,2,"inositol hexakisphosphate 5-kinase activity","MF"
"347","GO:0000900",1,0.973932075767475,0,2,"translation repressor activity, mRNA regulatory element binding","MF"
"348","GO:0000906",1,0.983799925627438,0,1,"6,7-dimethyl-8-ribityllumazine synthase activity","MF"
"349","GO:0000976",1,0.504704231113175,0,49,"transcription regulatory region sequence-specific DNA binding","MF"
"350","GO:0000979",1,0.855550324706741,0,10,"RNA polymerase II core promoter sequence-specific DNA binding","MF"
"351","GO:0000980",1,0.969793135694157,0,2,"RNA polymerase II distal enhancer sequence-specific DNA binding","MF"
"352","GO:0000981",1,0.640017819284702,0,27,"DNA-binding transcription factor activity, RNA polymerase II-specific","MF"
"353","GO:0000987",1,0.752321004147042,0,15,"proximal promoter sequence-specific DNA binding","MF"
"354","GO:0000993",1,0.690350087507993,0,24,"RNA polymerase II complex binding","MF"
"355","GO:0000995",1,0.871419637159489,0,11,"RNA polymerase III general transcription initiation factor activity","MF"
"356","GO:0001002",1,0.950296157443412,0,4,"RNA polymerase III type 1 promoter sequence-specific DNA binding","MF"
"357","GO:0001003",1,0.950296157443412,0,4,"RNA polymerase III type 2 promoter sequence-specific DNA binding","MF"
"358","GO:0001004",1,0.916021996010966,0,7,"RNA polymerase III transcription regulator recruiting activity","MF"
"359","GO:0001006",1,0.944793384491577,0,4,"RNA polymerase III type 3 promoter sequence-specific DNA binding","MF"
"360","GO:0001012",1,0.975731729987227,0,2,"RNA polymerase II regulatory region DNA binding","MF"
"361","GO:0001042",1,0.97367143284006,0,2,"RNA polymerase I core binding","MF"
"362","GO:0001046",1,0.955470349193846,0,3,"core promoter sequence-specific DNA binding","MF"
"363","GO:0001054",1,0.708903447519793,0,20,"RNA polymerase I activity","MF"
"364","GO:0001056",1,0.566193575736342,0,33,"RNA polymerase III activity","MF"
"365","GO:0001085",1,0.921324393697397,0,6,"RNA polymerase II transcription factor binding","MF"
"366","GO:0001093",1,0.982541416273974,0,1,"TFIIB-class transcription factor binding","MF"
"367","GO:0001097",1,0.917109381089269,0,6,"TFIIH-class transcription factor complex binding","MF"
"368","GO:0001102",1,0.891443166883005,0,9,"RNA polymerase II activating transcription factor binding","MF"
"369","GO:0001139",1,0.937984608053817,0,4,"RNA polymerase II complex recruiting activity","MF"
"370","GO:0001158",1,0.947455807439949,0,3,"enhancer sequence-specific DNA binding","MF"
"371","GO:0001162",1,0.985331931264862,0,1,"RNA polymerase II intronic transcription regulatory region sequence-specific DNA binding","MF"
"372","GO:0001164",1,0.985006375697233,0,1,"RNA polymerase I CORE element sequence-specific DNA binding","MF"
"373","GO:0001181",1,0.97367143284006,0,2,"RNA polymerase I general transcription initiation factor activity","MF"
"374","GO:0001216",1,0.953274220304775,0,3,"bacterial-type RNA polymerase transcriptional activator activity, sequence-specific DNA binding","MF"
"375","GO:0001227",1,0.952306593956487,0,3,"DNA-binding transcription repressor activity, RNA polymerase II-specific","MF"
"376","GO:0001530",1,0.929711355077814,0,5,"lipopolysaccharide binding","MF"
"377","GO:0001653",1,0.908916448076204,0,7,"peptide receptor activity","MF"
"378","GO:0001664",1,0.911547667711709,0,7,"G protein-coupled receptor binding","MF"
"379","GO:0001671",1,0.837276150182648,0,10,"ATPase activator activity","MF"
"380","GO:0001729",1,0.974839865685182,0,2,"ceramide kinase activity","MF"
"381","GO:0001735",1,0.984736793727664,0,1,"prenylcysteine oxidase activity","MF"
"382","GO:0001872",1,0.906192799381148,0,6,"(1->3)-beta-D-glucan binding","MF"
"383","GO:0001882",1,0.976196131940227,0,2,"nucleoside binding","MF"
"384","GO:0002020",1,0.88057334582134,0,9,"protease binding","MF"
"385","GO:0002058",1,0.985061879102533,0,1,"uracil binding","MF"
"386","GO:0002083",1,0.961611889405001,0,3,"4-hydroxybenzoate decaprenyltransferase activity","MF"
"387","GO:0002094",1,0.896505380865957,0,6,"polyprenyltransferase activity","MF"
"388","GO:0002161",1,0.901746884128638,0,8,"aminoacyl-tRNA editing activity","MF"
"389","GO:0002953",1,0.955544024865255,0,3,"5'-deoxynucleotidase activity","MF"
"390","GO:0003678",1,0.902690673964402,0,8,"DNA helicase activity","MF"
"391","GO:0003680",1,0.571390651905825,0,33,"AT DNA binding","MF"
"392","GO:0003688",1,0.786089933769573,0,17,"DNA replication origin binding","MF"
"393","GO:0003689",1,0.812419925847196,0,15,"DNA clamp loader activity","MF"
"394","GO:0003690",1,0.194260751912867,0,98,"double-stranded DNA binding","MF"
"395","GO:0003691",1,0.875169776626444,0,9,"double-stranded telomeric DNA binding","MF"
"396","GO:0003697",1,0.230230207032286,0,95,"single-stranded DNA binding","MF"
"397","GO:0003714",1,0.631194104219563,0,34,"transcription corepressor activity","MF"
"398","GO:0003720",1,0.987738496364351,0,1,"telomerase activity","MF"
"399","GO:0003721",1,0.987738496364351,0,1,"telomerase RNA reverse transcriptase activity","MF"
"400","GO:0003724",1,0.794787837725957,0,17,"RNA helicase activity","MF"
"401","GO:0003725",1,0.599739839143992,0,33,"double-stranded RNA binding","MF"
"402","GO:0003727",1,0.606421865492531,0,32,"single-stranded RNA binding","MF"
"403","GO:0003730",1,0.766633203488771,0,18,"mRNA 3'-UTR binding","MF"
"404","GO:0003746",1,0.325087029293332,0,73,"translation elongation factor activity","MF"
"405","GO:0003774",1,0.631086998283161,0,36,"motor activity","MF"
"406","GO:0003777",1,0.27279885547767,0,102,"microtubule motor activity","MF"
"407","GO:0003785",1,0.879184851559019,0,7,"actin monomer binding","MF"
"408","GO:0003796",1,0.982177540291058,0,1,"lysozyme activity","MF"
"409","GO:0003825",1,0.936023856075467,0,5,"alpha,alpha-trehalose-phosphate synthase (UDP-forming) activity","MF"
"410","GO:0003827",1,0.973138886623237,0,2,"alpha-1,3-mannosylglycoprotein 2-beta-N-acetylglucosaminyltransferase activity","MF"
"411","GO:0003830",1,0.907881414193577,0,6,"beta-1,4-mannosylglycoprotein 4-beta-N-acetylglucosaminyltransferase activity","MF"
"412","GO:0003831",1,0.98484670894449,0,1,"beta-N-acetylglucosaminylglycopeptide beta-1,4-galactosyltransferase activity","MF"
"413","GO:0003837",1,0.984045274820177,0,1,"beta-ureidopropionase activity","MF"
"414","GO:0003838",1,0.954486540928406,0,3,"sterol 24-C-methyltransferase activity","MF"
"415","GO:0003839",1,0.949892955569601,0,3,"gamma-glutamylcyclotransferase activity","MF"
"416","GO:0003841",1,0.886630570745562,0,8,"1-acylglycerol-3-phosphate O-acyltransferase activity","MF"
"417","GO:0003842",1,0.987209601668887,0,1,"1-pyrroline-5-carboxylate dehydrogenase activity","MF"
"418","GO:0003844",1,0.963947475969072,0,3,"1,4-alpha-glucan branching enzyme activity","MF"
"419","GO:0003846",1,0.981792214066689,0,1,"2-acylglycerol O-acyltransferase activity","MF"
"420","GO:0003848",1,0.969699526533687,0,2,"2-amino-4-hydroxy-6-hydroxymethyldihydropteridine diphosphokinase activity","MF"
"421","GO:0003849",1,0.941357646780249,0,4,"3-deoxy-7-phosphoheptulonate synthase activity","MF"
"422","GO:0003852",1,0.934689005176683,0,5,"2-isopropylmalate synthase activity","MF"
"423","GO:0003854",1,0.92070185528389,0,6,"3-beta-hydroxy-delta5-steroid dehydrogenase activity","MF"
"424","GO:0003855",1,0.986200210677354,0,1,"3-dehydroquinate dehydratase activity","MF"
"425","GO:0003856",1,0.968770743072747,0,2,"3-dehydroquinate synthase activity","MF"
"426","GO:0003857",1,0.93911891425262,0,4,"3-hydroxyacyl-CoA dehydrogenase activity","MF"
"427","GO:0003858",1,0.951485139449176,0,3,"3-hydroxybutyrate dehydrogenase activity","MF"
"428","GO:0003860",1,0.852463773580264,0,11,"3-hydroxyisobutyryl-CoA hydrolase activity","MF"
"429","GO:0003861",1,0.925386998788174,0,4,"3-isopropylmalate dehydratase activity","MF"
"430","GO:0003862",1,0.923306952360093,0,5,"3-isopropylmalate dehydrogenase activity","MF"
"431","GO:0003864",1,0.967395884340593,0,2,"3-methyl-2-oxobutanoate hydroxymethyltransferase activity","MF"
"432","GO:0003865",1,0.896367982937633,0,6,"3-oxo-5-alpha-steroid 4-dehydrogenase activity","MF"
"433","GO:0003866",1,0.944050402571944,0,4,"3-phosphoshikimate 1-carboxyvinyltransferase activity","MF"
"434","GO:0003867",1,0.972453775153149,0,2,"4-aminobutyrate transaminase activity","MF"
"435","GO:0003868",1,0.962189441489925,0,2,"4-hydroxyphenylpyruvate dioxygenase activity","MF"
"436","GO:0003871",1,0.913446684277411,0,7,"5-methyltetrahydropteroyltriglutamate-homocysteine S-methyltransferase activity","MF"
"437","GO:0003872",1,0.889664180658199,0,8,"6-phosphofructokinase activity","MF"
"438","GO:0003873",1,0.987820060468581,0,1,"6-phosphofructo-2-kinase activity","MF"
"439","GO:0003876",1,0.975698945377683,0,2,"AMP deaminase activity","MF"
"440","GO:0003878",1,0.880499818637988,0,9,"ATP citrate synthase activity","MF"
"441","GO:0003879",1,0.97193681441502,0,2,"ATP phosphoribosyltransferase activity","MF"
"442","GO:0003881",1,0.969085931176543,0,2,"CDP-diacylglycerol-inositol 3-phosphatidyltransferase activity","MF"
"443","GO:0003882",1,0.957339167066077,0,3,"CDP-diacylglycerol-serine O-phosphatidyltransferase activity","MF"
"444","GO:0003885",1,0.914355554603729,0,6,"D-arabinono-1,4-lactone oxidase activity","MF"
"445","GO:0003886",1,0.927634863680438,0,6,"DNA (cytosine-5-)-methyltransferase activity","MF"
"446","GO:0003887",1,0.61008751555774,0,37,"DNA-directed DNA polymerase activity","MF"
"447","GO:0003896",1,0.960712543764542,0,3,"DNA primase activity","MF"
"448","GO:0003904",1,0.970200121980865,0,2,"deoxyribodipyrimidine photo-lyase activity","MF"
"449","GO:0003905",1,0.964744739315265,0,2,"alkylbase DNA N-glycosylase activity","MF"
"450","GO:0003906",1,0.778425036078879,0,17,"DNA-(apurinic or apyrimidinic site) endonuclease activity","MF"
"451","GO:0003910",1,0.951862541667362,0,4,"DNA ligase (ATP) activity","MF"
"452","GO:0003913",1,0.928574821783504,0,5,"DNA photolyase activity","MF"
"453","GO:0003914",1,0.986097868099298,0,1,"DNA (6-4) photolyase activity","MF"
"454","GO:0003916",1,0.895097931365642,0,9,"DNA topoisomerase activity","MF"
"455","GO:0003917",1,0.914090467609849,0,7,"DNA topoisomerase type I activity","MF"
"456","GO:0003918",1,0.853506067781598,0,12,"DNA topoisomerase type II (ATP-hydrolyzing) activity","MF"
"457","GO:0003919",1,0.926942300723523,0,5,"FMN adenylyltransferase activity","MF"
"458","GO:0003921",1,0.972060208328589,0,2,"GMP synthase activity","MF"
"459","GO:0003922",1,0.972060208328589,0,2,"GMP synthase (glutamine-hydrolyzing) activity","MF"
"460","GO:0003923",1,0.916379935409985,0,6,"GPI-anchor transamidase activity","MF"
"461","GO:0003924",1,0.030064044381603,0,226,"GTPase activity","MF"
"462","GO:0003934",1,0.97109007665778,0,2,"GTP cyclohydrolase I activity","MF"
"463","GO:0003935",1,0.927439126207383,0,5,"GTP cyclohydrolase II activity","MF"
"464","GO:0003937",1,0.985577205193621,0,1,"IMP cyclohydrolase activity","MF"
"465","GO:0003938",1,0.969847055742319,0,2,"IMP dehydrogenase activity","MF"
"466","GO:0003941",1,0.983271222033813,0,1,"L-serine ammonia-lyase activity","MF"
"467","GO:0003942",1,0.985335382891618,0,1,"N-acetyl-gamma-glutamyl-phosphate reductase activity","MF"
"468","GO:0003948",1,0.970171328324161,0,2,"N4-(beta-N-acetylglucosaminyl)-L-asparaginase activity","MF"
"469","GO:0003949",1,0.983111962142502,0,1,"1-(5-phosphoribosyl)-5-[(5-phosphoribosylamino)methylideneamino]imidazole-4-carboxamide isomerase activity","MF"
"470","GO:0003950",1,0.787419937975377,0,17,"NAD+ ADP-ribosyltransferase activity","MF"
"471","GO:0003952",1,0.987067826680506,0,1,"NAD+ synthase (glutamine-hydrolyzing) activity","MF"
"472","GO:0003954",1,0.547890853870051,0,33,"NADH dehydrogenase activity","MF"
"473","GO:0003955",1,0.856158382586675,0,9,"NAD(P)H dehydrogenase (quinone) activity","MF"
"474","GO:0003958",1,0.962348616106071,0,3,"NADPH-hemoprotein reductase activity","MF"
"475","GO:0003959",1,0.826623477837171,0,8,"NADPH dehydrogenase activity","MF"
"476","GO:0003960",1,0.96660603151264,0,2,"NADPH:quinone reductase activity","MF"
"477","GO:0003962",1,0.956073514258189,0,3,"cystathionine gamma-synthase activity","MF"
"478","GO:0003963",1,0.983942905950127,0,1,"RNA-3'-phosphate cyclase activity","MF"
"479","GO:0003964",1,0.746650251536046,0,13,"RNA-directed DNA polymerase activity","MF"
"480","GO:0003968",1,0.927021813440909,0,6,"RNA-directed 5'-3' RNA polymerase activity","MF"
"481","GO:0003972",1,0.988055292927757,0,1,"RNA ligase (ATP) activity","MF"
"482","GO:0003973",1,0.983833198815921,0,1,"(S)-2-hydroxy-acid oxidase activity","MF"
"483","GO:0003975",1,0.970381147438123,0,2,"UDP-N-acetylglucosamine-dolichyl-phosphate N-acetylglucosaminephosphotransferase activity","MF"
"484","GO:0003977",1,0.936218769668799,0,5,"UDP-N-acetylglucosamine diphosphorylase activity","MF"
"485","GO:0003978",1,0.799975187760951,0,15,"UDP-glucose 4-epimerase activity","MF"
"486","GO:0003979",1,0.925594603446723,0,5,"UDP-glucose 6-dehydrogenase activity","MF"
"487","GO:0003980",1,0.976387614521472,0,2,"UDP-glucose:glycoprotein glucosyltransferase activity","MF"
"488","GO:0003983",1,0.925007349321193,0,6,"UTP:glucose-1-phosphate uridylyltransferase activity","MF"
"489","GO:0003984",1,0.935301889350569,0,5,"acetolactate synthase activity","MF"
"490","GO:0003985",1,0.928513972698472,0,5,"acetyl-CoA C-acetyltransferase activity","MF"
"491","GO:0003987",1,0.938000571380295,0,5,"acetate-CoA ligase activity","MF"
"492","GO:0003988",1,0.853306261716932,0,11,"acetyl-CoA C-acyltransferase activity","MF"
"493","GO:0003989",1,0.857227555122129,0,11,"acetyl-CoA carboxylase activity","MF"
"494","GO:0003991",1,0.980987452821621,0,1,"acetylglutamate kinase activity","MF"
"495","GO:0003992",1,0.984341992700326,0,1,"N2-acetyl-L-ornithine:2-oxoglutarate 5-aminotransferase activity","MF"
"496","GO:0003993",1,0.48104518825288,0,45,"acid phosphatase activity","MF"
"497","GO:0003994",1,0.951917837220408,0,4,"aconitate hydratase activity","MF"
"498","GO:0003995",1,0.974435380003156,0,2,"acyl-CoA dehydrogenase activity","MF"
"499","GO:0003996",1,0.985396068585462,0,1,"acyl-CoA ligase activity","MF"
"500","GO:0003997",1,0.877863649661289,0,9,"acyl-CoA oxidase activity","MF"
"501","GO:0003998",1,0.983582047881433,0,1,"acylphosphatase activity","MF"
"502","GO:0004000",1,0.968534831795025,0,2,"adenosine deaminase activity","MF"
"503","GO:0004001",1,0.957828416466305,0,3,"adenosine kinase activity","MF"
"504","GO:0004003",1,0.77492937206876,0,19,"ATP-dependent DNA helicase activity","MF"
"505","GO:0004004",1,0.708611309002583,0,27,"ATP-dependent RNA helicase activity","MF"
"506","GO:0004008",1,0.987552204420726,0,1,"copper-exporting ATPase activity","MF"
"507","GO:0004012",1,0.710528159737292,0,26,"phospholipid-translocating ATPase activity","MF"
"508","GO:0004013",1,0.954329375996356,0,3,"adenosylhomocysteinase activity","MF"
"509","GO:0004014",1,0.90815747108802,0,6,"adenosylmethionine decarboxylase activity","MF"
"510","GO:0004015",1,0.974154149469532,0,2,"adenosylmethionine-8-amino-7-oxononanoate transaminase activity","MF"
"511","GO:0004016",1,0.925164991945311,0,5,"adenylate cyclase activity","MF"
"512","GO:0004017",1,0.848415935308275,0,10,"adenylate kinase activity","MF"
"513","GO:0004018",1,0.97046028575696,0,2,"N6-(1,2-dicarboxyethyl)AMP AMP-lyase (fumarate-forming) activity","MF"
"514","GO:0004019",1,0.984901763656033,0,1,"adenylosuccinate synthase activity","MF"
"515","GO:0004020",1,0.866320519376157,0,9,"adenylylsulfate kinase activity","MF"
"516","GO:0004021",1,0.919010969064183,0,6,"L-alanine:2-oxoglutarate aminotransferase activity","MF"
"517","GO:0004022",1,0.860388044109664,0,9,"alcohol dehydrogenase (NAD) activity","MF"
"518","GO:0004028",1,0.738916855364122,0,22,"3-chloroallyl aldehyde dehydrogenase activity","MF"
"519","GO:0004029",1,0.83241237342749,0,13,"aldehyde dehydrogenase (NAD) activity","MF"
"520","GO:0004031",1,0.917536473284657,0,7,"aldehyde oxidase activity","MF"
"521","GO:0004032",1,0.846754553992393,0,10,"alditol:NADP+ 1-oxidoreductase activity","MF"
"522","GO:0004033",1,0.763849535438395,0,16,"aldo-keto reductase (NADP) activity","MF"
"523","GO:0004034",1,0.78456170293458,0,16,"aldose 1-epimerase activity","MF"
"524","GO:0004038",1,0.971422259074557,0,2,"allantoinase activity","MF"
"525","GO:0004040",1,0.891292910977409,0,8,"amidase activity","MF"
"526","GO:0004042",1,0.915999568850011,0,5,"acetyl-CoA:L-glutamate N-acetyltransferase activity","MF"
"527","GO:0004043",1,0.974168516613182,0,2,"L-aminoadipate-semialdehyde dehydrogenase activity","MF"
"528","GO:0004044",1,0.968827140526789,0,2,"amidophosphoribosyltransferase activity","MF"
"529","GO:0004045",1,0.851237664627308,0,9,"aminoacyl-tRNA hydrolase activity","MF"
"530","GO:0004046",1,0.924914490517967,0,5,"aminoacylase activity","MF"
"531","GO:0004047",1,0.914105819580147,0,6,"aminomethyltransferase activity","MF"
"532","GO:0004048",1,0.972170840664311,0,2,"anthranilate phosphoribosyltransferase activity","MF"
"533","GO:0004049",1,0.915893560446648,0,6,"anthranilate synthase activity","MF"
"534","GO:0004053",1,0.984158321290404,0,1,"arginase activity","MF"
"535","GO:0004055",1,0.985620814720471,0,1,"argininosuccinate synthase activity","MF"
"536","GO:0004056",1,0.984887428900358,0,1,"argininosuccinate lyase activity","MF"
"537","GO:0004057",1,0.940048126180635,0,4,"arginyltransferase activity","MF"
"538","GO:0004059",1,0.96423175693875,0,2,"aralkylamine N-acetyltransferase activity","MF"
"539","GO:0004061",1,0.951937536961637,0,3,"arylformamidase activity","MF"
"540","GO:0004064",1,0.982931690113406,0,1,"arylesterase activity","MF"
"541","GO:0004066",1,0.905835550218272,0,7,"asparagine synthase (glutamine-hydrolyzing) activity","MF"
"542","GO:0004067",1,0.918878345921221,0,5,"asparaginase activity","MF"
"543","GO:0004070",1,0.970222264008771,0,2,"aspartate carbamoyltransferase activity","MF"
"544","GO:0004071",1,0.959896443734927,0,3,"aspartate-ammonia ligase activity","MF"
"545","GO:0004072",1,0.913189248579684,0,7,"aspartate kinase activity","MF"
"546","GO:0004073",1,0.984775485914447,0,1,"aspartate-semialdehyde dehydrogenase activity","MF"
"547","GO:0004075",1,0.937742461652692,0,5,"biotin carboxylase activity","MF"
"548","GO:0004076",1,0.984950529461221,0,1,"biotin synthase activity","MF"
"549","GO:0004077",1,0.956160354021653,0,3,"biotin-[acetyl-CoA-carboxylase] ligase activity","MF"
"550","GO:0004078",1,0.956160354021653,0,3,"biotin-[methylcrotonoyl-CoA-carboxylase] ligase activity","MF"
"551","GO:0004081",1,0.948735948993577,0,3,"bis(5'-nucleosyl)-tetraphosphatase (asymmetrical) activity","MF"
"552","GO:0004084",1,0.810847760511387,0,14,"branched-chain-amino-acid transaminase activity","MF"
"553","GO:0004088",1,0.972413615011257,0,2,"carbamoyl-phosphate synthase (glutamine-hydrolyzing) activity","MF"
"554","GO:0004089",1,0.735086405534521,0,20,"carbonate dehydratase activity","MF"
"555","GO:0004096",1,0.863947117744909,0,9,"catalase activity","MF"
"556","GO:0004103",1,0.94104622701309,0,4,"choline kinase activity","MF"
"557","GO:0004105",1,0.955200147725843,0,3,"choline-phosphate cytidylyltransferase activity","MF"
"558","GO:0004106",1,0.951976131776,0,3,"chorismate mutase activity","MF"
"559","GO:0004108",1,0.935715338152604,0,5,"citrate (Si)-synthase activity","MF"
"560","GO:0004109",1,0.936321091085429,0,4,"coproporphyrinogen oxidase activity","MF"
"561","GO:0004112",1,0.959632298241101,0,2,"cyclic-nucleotide phosphodiesterase activity","MF"
"562","GO:0004113",1,0.948168789742516,0,3,"2',3'-cyclic-nucleotide 3'-phosphodiesterase activity","MF"
"563","GO:0004121",1,0.941919686784776,0,4,"cystathionine beta-lyase activity","MF"
"564","GO:0004123",1,0.983518132745131,0,1,"cystathionine gamma-lyase activity","MF"
"565","GO:0004126",1,0.956410391739325,0,2,"cytidine deaminase activity","MF"
"566","GO:0004127",1,0.921252605758888,0,5,"cytidylate kinase activity","MF"
"567","GO:0004128",1,0.972426061140895,0,2,"cytochrome-b5 reductase activity, acting on NAD(P)H","MF"
"568","GO:0004129",1,0.699862930840619,0,19,"cytochrome-c oxidase activity","MF"
"569","GO:0004134",1,0.974382850042101,0,2,"4-alpha-glucanotransferase activity","MF"
"570","GO:0004140",1,0.944639287893867,0,3,"dephospho-CoA kinase activity","MF"
"571","GO:0004141",1,0.987268700074477,0,1,"dethiobiotin synthase activity","MF"
"572","GO:0004142",1,0.899703625241148,0,7,"diacylglycerol cholinephosphotransferase activity","MF"
"573","GO:0004144",1,0.8456489829525,0,11,"diacylglycerol O-acyltransferase activity","MF"
"574","GO:0004146",1,0.930148380083467,0,5,"dihydrofolate reductase activity","MF"
"575","GO:0004147",1,0.985096176043798,0,1,"dihydrolipoamide branched chain acyltransferase activity","MF"
"576","GO:0004148",1,0.862882216343135,0,9,"dihydrolipoyl dehydrogenase activity","MF"
"577","GO:0004149",1,0.932113922307921,0,5,"dihydrolipoyllysine-residue succinyltransferase activity","MF"
"578","GO:0004150",1,0.956474176687003,0,2,"dihydroneopterin aldolase activity","MF"
"579","GO:0004151",1,0.985300378659257,0,1,"dihydroorotase activity","MF"
"580","GO:0004152",1,0.985165016401227,0,1,"dihydroorotate dehydrogenase activity","MF"
"581","GO:0004156",1,0.969699526533687,0,2,"dihydropteroate synthase activity","MF"
"582","GO:0004157",1,0.985818844932879,0,1,"dihydropyrimidinase activity","MF"
"583","GO:0004160",1,0.971270726034415,0,2,"dihydroxy-acid dehydratase activity","MF"
"584","GO:0004163",1,0.954537285491805,0,3,"diphosphomevalonate decarboxylase activity","MF"
"585","GO:0004164",1,0.965196685401212,0,2,"diphthine synthase activity","MF"
"586","GO:0004165",1,0.912048871417745,0,5,"dodecenoyl-CoA delta-isomerase activity","MF"
"587","GO:0004168",1,0.971561524369151,0,2,"dolichol kinase activity","MF"
"588","GO:0004170",1,0.971275098968861,0,1,"dUTP diphosphatase activity","MF"
"589","GO:0004174",1,0.908449883995774,0,6,"electron-transferring-flavoprotein dehydrogenase activity","MF"
"590","GO:0004175",1,0.383995798900521,0,63,"endopeptidase activity","MF"
"591","GO:0004177",1,0.790989792438394,0,16,"aminopeptidase activity","MF"
"592","GO:0004180",1,0.89311089306912,0,7,"carboxypeptidase activity","MF"
"593","GO:0004181",1,0.960354862919693,0,3,"metallocarboxypeptidase activity","MF"
"594","GO:0004197",1,0.308217282801166,0,79,"cysteine-type endopeptidase activity","MF"
"595","GO:0004198",1,0.964901501039673,0,3,"calcium-dependent cysteine-type endopeptidase activity","MF"
"596","GO:0004222",1,0.413165040566674,0,60,"metalloendopeptidase activity","MF"
"597","GO:0004298",1,0.603375931138388,0,32,"threonine-type endopeptidase activity","MF"
"598","GO:0004300",1,0.848979206322944,0,9,"enoyl-CoA hydratase activity","MF"
"599","GO:0004301",1,0.899087893291741,0,6,"epoxide hydrolase activity","MF"
"600","GO:0004305",1,0.986742903734367,0,1,"ethanolamine kinase activity","MF"
"601","GO:0004306",1,0.985623660306692,0,1,"ethanolamine-phosphate cytidylyltransferase activity","MF"
"602","GO:0004307",1,0.930852539446622,0,5,"ethanolaminephosphotransferase activity","MF"
"603","GO:0004310",1,0.929094332680759,0,5,"farnesyl-diphosphate farnesyltransferase activity","MF"
"604","GO:0004312",1,0.94633801839885,0,4,"fatty acid synthase activity","MF"
"605","GO:0004314",1,0.985174963001164,0,1,"[acyl-carrier-protein] S-malonyltransferase activity","MF"
"606","GO:0004315",1,0.918699137640337,0,6,"3-oxoacyl-[acyl-carrier-protein] synthase activity","MF"
"607","GO:0004316",1,0.98526583459827,0,1,"3-oxoacyl-[acyl-carrier-protein] reductase (NADPH) activity","MF"
"608","GO:0004318",1,0.970817695631553,0,2,"enoyl-[acyl-carrier-protein] reductase (NADH) activity","MF"
"609","GO:0004320",1,0.969138355423953,0,2,"oleoyl-[acyl-carrier-protein] hydrolase activity","MF"
"610","GO:0004321",1,0.970413660208238,0,2,"fatty-acyl-CoA synthase activity","MF"
"611","GO:0004322",1,0.919891144866463,0,5,"ferroxidase activity","MF"
"612","GO:0004324",1,0.896079172710623,0,7,"ferredoxin-NADP+ reductase activity","MF"
"613","GO:0004325",1,0.970907614643995,0,2,"ferrochelatase activity","MF"
"614","GO:0004326",1,0.96087561096106,0,3,"tetrahydrofolylpolyglutamate synthase activity","MF"
"615","GO:0004328",1,0.908856737590421,0,6,"formamidase activity","MF"
"616","GO:0004329",1,0.985422111962668,0,1,"formate-tetrahydrofolate ligase activity","MF"
"617","GO:0004331",1,0.987820060468581,0,1,"fructose-2,6-bisphosphate 2-phosphatase activity","MF"
"618","GO:0004332",1,0.863042517454268,0,10,"fructose-bisphosphate aldolase activity","MF"
"619","GO:0004333",1,0.960315294015517,0,3,"fumarate hydratase activity","MF"
"620","GO:0004334",1,0.986018351227709,0,1,"fumarylacetoacetase activity","MF"
"621","GO:0004335",1,0.885146655805299,0,9,"galactokinase activity","MF"
"622","GO:0004340",1,0.892617083658564,0,8,"glucokinase activity","MF"
"623","GO:0004343",1,0.967075749939982,0,1,"glucosamine 6-phosphate N-acetyltransferase activity","MF"
"624","GO:0004345",1,0.893755484755793,0,8,"glucose-6-phosphate dehydrogenase activity","MF"
"625","GO:0004347",1,0.962948294855814,0,3,"glucose-6-phosphate isomerase activity","MF"
"626","GO:0004348",1,0.939353839334096,0,5,"glucosylceramidase activity","MF"
"627","GO:0004349",1,0.950901948294064,0,4,"glutamate 5-kinase activity","MF"
"628","GO:0004350",1,0.950901948294064,0,4,"glutamate-5-semialdehyde dehydrogenase activity","MF"
"629","GO:0004352",1,0.954452172232271,0,3,"glutamate dehydrogenase (NAD+) activity","MF"
"630","GO:0004353",1,0.925557184656387,0,5,"glutamate dehydrogenase [NAD(P)+] activity","MF"
"631","GO:0004354",1,0.963768743780428,0,3,"glutamate dehydrogenase (NADP+) activity","MF"
"632","GO:0004356",1,0.861480715200581,0,10,"glutamate-ammonia ligase activity","MF"
"633","GO:0004357",1,0.962609437009546,0,3,"glutamate-cysteine ligase activity","MF"
"634","GO:0004358",1,0.98542085843719,0,1,"glutamate N-acetyltransferase activity","MF"
"635","GO:0004359",1,0.864549189747955,0,8,"glutaminase activity","MF"
"636","GO:0004360",1,0.985863355593676,0,1,"glutamine-fructose-6-phosphate transaminase (isomerizing) activity","MF"
"637","GO:0004363",1,0.985482471194977,0,1,"glutathione synthase activity","MF"
"638","GO:0004366",1,0.873075680413742,0,9,"glycerol-3-phosphate O-acyltransferase activity","MF"
"639","GO:0004367",1,0.873835360709684,0,9,"glycerol-3-phosphate dehydrogenase [NAD+] activity","MF"
"640","GO:0004368",1,0.985276451314315,0,1,"glycerol-3-phosphate dehydrogenase (quinone) activity","MF"
"641","GO:0004370",1,0.98502343986175,0,1,"glycerol kinase activity","MF"
"642","GO:0004371",1,0.962189144859714,0,3,"glycerone kinase activity","MF"
"643","GO:0004372",1,0.850577871164345,0,11,"glycine hydroxymethyltransferase activity","MF"
"644","GO:0004373",1,0.936793772552032,0,5,"glycogen (starch) synthase activity","MF"
"645","GO:0004375",1,0.914802547916478,0,5,"glycine dehydrogenase (decarboxylating) activity","MF"
"646","GO:0004377",1,0.970930141332712,0,2,"GDP-Man:Man3GlcNAc2-PP-Dol alpha-1,2-mannosyltransferase activity","MF"
"647","GO:0004379",1,0.98461773933262,0,1,"glycylpeptide N-tetradecanoyltransferase activity","MF"
"648","GO:0004382",1,0.986669421500099,0,1,"guanosine-diphosphatase activity","MF"
"649","GO:0004383",1,0.932642119506702,0,5,"guanylate cyclase activity","MF"
"650","GO:0004385",1,0.898391190495733,0,7,"guanylate kinase activity","MF"
"651","GO:0004392",1,0.9384625371569,0,4,"heme oxygenase (decyclizing) activity","MF"
"652","GO:0004395",1,0.985197153483217,0,1,"hexaprenyldihydroxybenzoate methyltransferase activity","MF"
"653","GO:0004396",1,0.892617083658564,0,8,"hexokinase activity","MF"
"654","GO:0004399",1,0.985128007492107,0,1,"histidinol dehydrogenase activity","MF"
"655","GO:0004400",1,0.940186859925342,0,4,"histidinol-phosphate transaminase activity","MF"
"656","GO:0004401",1,0.969897669901356,0,2,"histidinol-phosphatase activity","MF"
"657","GO:0004407",1,0.639943863295408,0,31,"histone deacetylase activity","MF"
"658","GO:0004412",1,0.949556330563407,0,4,"homoserine dehydrogenase activity","MF"
"659","GO:0004413",1,0.979684036688557,0,1,"homoserine kinase activity","MF"
"660","GO:0004416",1,0.847044366553723,0,11,"hydroxyacylglutathione hydrolase activity","MF"
"661","GO:0004417",1,0.975873338219345,0,1,"hydroxyethylthiazole kinase activity","MF"
"662","GO:0004418",1,0.984619526195309,0,1,"hydroxymethylbilane synthase activity","MF"
"663","GO:0004419",1,0.959685356121675,0,3,"hydroxymethylglutaryl-CoA lyase activity","MF"
"664","GO:0004420",1,0.970618985154388,0,2,"hydroxymethylglutaryl-CoA reductase (NADPH) activity","MF"
"665","GO:0004421",1,0.972016514677712,0,2,"hydroxymethylglutaryl-CoA synthase activity","MF"
"666","GO:0004422",1,0.979376359268738,0,1,"hypoxanthine phosphoribosyltransferase activity","MF"
"667","GO:0004424",1,0.952843975897682,0,3,"imidazoleglycerol-phosphate dehydratase activity","MF"
"668","GO:0004425",1,0.955308591738017,0,3,"indole-3-glycerol-phosphate synthase activity","MF"
"669","GO:0004427",1,0.790149993292175,0,16,"inorganic diphosphatase activity","MF"
"670","GO:0004430",1,0.81086804504053,0,15,"1-phosphatidylinositol 4-kinase activity","MF"
"671","GO:0004435",1,0.850560472790735,0,11,"phosphatidylinositol phospholipase C activity","MF"
"672","GO:0004438",1,0.987779751704385,0,1,"phosphatidylinositol-3-phosphatase activity","MF"
"673","GO:0004439",1,0.619315555660504,0,35,"phosphatidylinositol-4,5-bisphosphate 5-phosphatase activity","MF"
"674","GO:0004441",1,0.906871044966514,0,6,"inositol-1,4-bisphosphate 1-phosphatase activity","MF"
"675","GO:0004445",1,0.897826981801057,0,8,"inositol-polyphosphate 5-phosphatase activity","MF"
"676","GO:0004449",1,0.922168888522555,0,5,"isocitrate dehydrogenase (NAD+) activity","MF"
"677","GO:0004450",1,0.945754678656162,0,4,"isocitrate dehydrogenase (NADP+) activity","MF"
"678","GO:0004451",1,0.955358353754718,0,3,"isocitrate lyase activity","MF"
"679","GO:0004452",1,0.955074044691622,0,3,"isopentenyl-diphosphate delta-isomerase activity","MF"
"680","GO:0004455",1,0.972055595767431,0,2,"ketol-acid reductoisomerase activity","MF"
"681","GO:0004457",1,0.981717021948375,0,1,"lactate dehydrogenase activity","MF"
"682","GO:0004458",1,0.961112313412001,0,3,"D-lactate dehydrogenase (cytochrome) activity","MF"
"683","GO:0004462",1,0.741744317259166,0,18,"lactoylglutathione lyase activity","MF"
"684","GO:0004467",1,0.841427355759478,0,13,"long-chain fatty acid-CoA ligase activity","MF"
"685","GO:0004468",1,0.96423175693875,0,2,"lysine N-acetyltransferase activity, acting on acetyl phosphate as donor","MF"
"686","GO:0004470",1,0.899885552187402,0,8,"malic enzyme activity","MF"
"687","GO:0004471",1,0.899885552187402,0,8,"malate dehydrogenase (decarboxylating) (NAD+) activity","MF"
"688","GO:0004473",1,0.922831724359371,0,6,"malate dehydrogenase (decarboxylating) (NADP+) activity","MF"
"689","GO:0004474",1,0.985213346347012,0,1,"malate synthase activity","MF"
"690","GO:0004475",1,0.954273022100604,0,3,"mannose-1-phosphate guanylyltransferase activity","MF"
"691","GO:0004476",1,0.95351715424212,0,3,"mannose-6-phosphate isomerase activity","MF"
"692","GO:0004477",1,0.898272599714072,0,7,"methenyltetrahydrofolate cyclohydrolase activity","MF"
"693","GO:0004478",1,0.893805449631734,0,7,"methionine adenosyltransferase activity","MF"
"694","GO:0004479",1,0.984988918165824,0,1,"methionyl-tRNA formyltransferase activity","MF"
"695","GO:0004482",1,0.956893574642352,0,3,"mRNA (guanine-N7-)-methyltransferase activity","MF"
"696","GO:0004484",1,0.962242297682198,0,3,"mRNA guanylyltransferase activity","MF"
"697","GO:0004485",1,0.960820449055438,0,3,"methylcrotonoyl-CoA carboxylase activity","MF"
"698","GO:0004488",1,0.898272599714072,0,7,"methylenetetrahydrofolate dehydrogenase (NADP+) activity","MF"
"699","GO:0004489",1,0.971549875248903,0,2,"methylenetetrahydrofolate reductase (NAD(P)H) activity","MF"
"700","GO:0004490",1,0.984680876559879,0,1,"methylglutaconyl-CoA hydratase activity","MF"
"701","GO:0004491",1,0.974626101755139,0,2,"methylmalonate-semialdehyde dehydrogenase (acylating) activity","MF"
"702","GO:0004496",1,0.955866790733096,0,3,"mevalonate kinase activity","MF"
"703","GO:0004499",1,0.649109563096179,0,28,"N,N-dimethylaniline monooxygenase activity","MF"
"704","GO:0004506",1,0.917462326784711,0,6,"squalene monooxygenase activity","MF"
"705","GO:0004512",1,0.941779683522182,0,4,"inositol-3-phosphate synthase activity","MF"
"706","GO:0004514",1,0.941685161094797,0,4,"nicotinate-nucleotide diphosphorylase (carboxylating) activity","MF"
"707","GO:0004515",1,0.984785094744365,0,1,"nicotinate-nucleotide adenylyltransferase activity","MF"
"708","GO:0004516",1,0.972342006122269,0,2,"nicotinate phosphoribosyltransferase activity","MF"
"709","GO:0004518",1,0.448322678560308,0,54,"nuclease activity","MF"
"710","GO:0004519",1,0.347748475105067,0,68,"endonuclease activity","MF"
"711","GO:0004520",1,0.969461806940624,0,2,"endodeoxyribonuclease activity","MF"
"712","GO:0004521",1,0.624112085525534,0,31,"endoribonuclease activity","MF"
"713","GO:0004523",1,0.678467108087105,0,21,"RNA-DNA hybrid ribonuclease activity","MF"
"714","GO:0004525",1,0.78415138149605,0,17,"ribonuclease III activity","MF"
"715","GO:0004527",1,0.439300941969933,0,55,"exonuclease activity","MF"
"716","GO:0004528",1,0.879284989639132,0,9,"phosphodiesterase I activity","MF"
"717","GO:0004532",1,0.985316003958058,0,1,"exoribonuclease activity","MF"
"718","GO:0004534",1,0.949716767315443,0,4,"5'-3' exoribonuclease activity","MF"
"719","GO:0004535",1,0.673699530260855,0,23,"poly(A)-specific ribonuclease activity","MF"
"720","GO:0004536",1,0.91991376290691,0,5,"deoxyribonuclease activity","MF"
"721","GO:0004540",1,0.653702666740165,0,24,"ribonuclease activity","MF"
"722","GO:0004550",1,0.805143066941245,0,12,"nucleoside diphosphate kinase activity","MF"
"723","GO:0004555",1,0.985698910281323,0,1,"alpha,alpha-trehalase activity","MF"
"724","GO:0004556",1,0.877016832809352,0,10,"alpha-amylase activity","MF"
"725","GO:0004558",1,0.963620644934502,0,3,"alpha-1,4-glucosidase activity","MF"
"726","GO:0004559",1,0.806343393475381,0,17,"alpha-mannosidase activity","MF"
"727","GO:0004560",1,0.952129913948707,0,3,"alpha-L-fucosidase activity","MF"
"728","GO:0004561",1,0.987460632440389,0,1,"alpha-N-acetylglucosaminidase activity","MF"
"729","GO:0004563",1,0.960080789527952,0,3,"beta-N-acetylhexosaminidase activity","MF"
"730","GO:0004564",1,0.746186337165456,0,20,"beta-fructofuranosidase activity","MF"
"731","GO:0004567",1,0.985343489011537,0,1,"beta-mannosidase activity","MF"
"732","GO:0004571",1,0.88943506861682,0,9,"mannosyl-oligosaccharide 1,2-alpha-mannosidase activity","MF"
"733","GO:0004572",1,0.987646001213504,0,1,"mannosyl-oligosaccharide 1,3-1,6-alpha-mannosidase activity","MF"
"734","GO:0004573",1,0.963620644934502,0,3,"mannosyl-oligosaccharide glucosidase activity","MF"
"735","GO:0004575",1,0.762704450241998,0,19,"sucrose alpha-glucosidase activity","MF"
"736","GO:0004576",1,0.884848262069411,0,8,"oligosaccharyl transferase activity","MF"
"737","GO:0004577",1,0.965586169471389,0,2,"N-acetylglucosaminyldiphosphodolichol N-acetylglucosaminyltransferase activity","MF"
"738","GO:0004579",1,0.835718878950977,0,12,"dolichyl-diphosphooligosaccharide-protein glycotransferase activity","MF"
"739","GO:0004582",1,0.930292470559133,0,4,"dolichyl-phosphate beta-D-mannosyltransferase activity","MF"
"740","GO:0004583",1,0.985209497189657,0,1,"dolichyl-phosphate-glucose-glycolipid alpha-glucosyltransferase activity","MF"
"741","GO:0004584",1,0.985096176043798,0,1,"dolichyl-phosphate-mannose-glycolipid alpha-mannosyltransferase activity","MF"
"742","GO:0004585",1,0.98424032640372,0,1,"ornithine carbamoyltransferase activity","MF"
"743","GO:0004587",1,0.98580209287607,0,1,"ornithine-oxo-acid transaminase activity","MF"
"744","GO:0004588",1,0.984597776827777,0,1,"orotate phosphoribosyltransferase activity","MF"
"745","GO:0004590",1,0.984597776827777,0,1,"orotidine-5'-phosphate decarboxylase activity","MF"
"746","GO:0004591",1,0.975137576867227,0,2,"oxoglutarate dehydrogenase (succinyl-transferring) activity","MF"
"747","GO:0004592",1,0.983060142558014,0,1,"pantoate-beta-alanine ligase activity","MF"
"748","GO:0004594",1,0.919191651399869,0,6,"pantothenate kinase activity","MF"
"749","GO:0004595",1,0.983162796875319,0,1,"pantetheine-phosphate adenylyltransferase activity","MF"
"750","GO:0004596",1,0.859072553987136,0,10,"peptide alpha-N-acetyltransferase activity","MF"
"751","GO:0004602",1,0.837941378742036,0,10,"glutathione peroxidase activity","MF"
"752","GO:0004604",1,0.968043142490021,0,2,"phosphoadenylyl-sulfate reductase (thioredoxin) activity","MF"
"753","GO:0004605",1,0.836205013240775,0,12,"phosphatidate cytidylyltransferase activity","MF"
"754","GO:0004607",1,0.920617308008872,0,6,"phosphatidylcholine-sterol O-acyltransferase activity","MF"
"755","GO:0004609",1,0.960733509435721,0,3,"phosphatidylserine decarboxylase activity","MF"
"756","GO:0004610",1,0.984685736509663,0,1,"phosphoacetylglucosamine mutase activity","MF"
"757","GO:0004612",1,0.93280553919989,0,5,"phosphoenolpyruvate carboxykinase (ATP) activity","MF"
"758","GO:0004614",1,0.950256124645314,0,4,"phosphoglucomutase activity","MF"
"759","GO:0004615",1,0.984647497817441,0,1,"phosphomannomutase activity","MF"
"760","GO:0004616",1,0.806666163701345,0,13,"phosphogluconate dehydrogenase (decarboxylating) activity","MF"
"761","GO:0004617",1,0.821435901891572,0,13,"phosphoglycerate dehydrogenase activity","MF"
"762","GO:0004618",1,0.926501220862058,0,5,"phosphoglycerate kinase activity","MF"
"763","GO:0004619",1,0.96878794880957,0,2,"phosphoglycerate mutase activity","MF"
"764","GO:0004620",1,0.65258256386671,0,28,"phospholipase activity","MF"
"765","GO:0004622",1,0.981792214066689,0,1,"lysophospholipase activity","MF"
"766","GO:0004623",1,0.884852191192001,0,7,"phospholipase A2 activity","MF"
"767","GO:0004629",1,0.875216630781081,0,9,"phospholipase C activity","MF"
"768","GO:0004630",1,0.783810537989402,0,19,"phospholipase D activity","MF"
"769","GO:0004631",1,0.975560522960665,0,2,"phosphomevalonate kinase activity","MF"
"770","GO:0004632",1,0.954416533153251,0,3,"phosphopantothenate--cysteine ligase activity","MF"
"771","GO:0004633",1,0.956012755070834,0,2,"phosphopantothenoylcysteine decarboxylase activity","MF"
"772","GO:0004634",1,0.958064785334609,0,3,"phosphopyruvate hydratase activity","MF"
"773","GO:0004635",1,0.955337569210092,0,3,"phosphoribosyl-AMP cyclohydrolase activity","MF"
"774","GO:0004636",1,0.955337569210092,0,3,"phosphoribosyl-ATP diphosphatase activity","MF"
"775","GO:0004637",1,0.954520315295959,0,3,"phosphoribosylamine-glycine ligase activity","MF"
"776","GO:0004638",1,0.987606792661091,0,1,"phosphoribosylaminoimidazole carboxylase activity","MF"
"777","GO:0004639",1,0.971333223240558,0,2,"phosphoribosylaminoimidazolesuccinocarboxamide synthase activity","MF"
"778","GO:0004640",1,0.883643738936231,0,8,"phosphoribosylanthranilate isomerase activity","MF"
"779","GO:0004641",1,0.969213952506665,0,2,"phosphoribosylformylglycinamidine cyclo-ligase activity","MF"
"780","GO:0004642",1,0.98771235587929,0,1,"phosphoribosylformylglycinamidine synthase activity","MF"
"781","GO:0004643",1,0.985577205193621,0,1,"phosphoribosylaminoimidazolecarboxamide formyltransferase activity","MF"
"782","GO:0004644",1,0.983664225978646,0,1,"phosphoribosylglycinamide formyltransferase activity","MF"
"783","GO:0004645",1,0.975513980807746,0,2,"phosphorylase activity","MF"
"784","GO:0004647",1,0.930358149172611,0,5,"phosphoserine phosphatase activity","MF"
"785","GO:0004648",1,0.962885839504602,0,2,"O-phospho-L-serine:2-oxoglutarate aminotransferase activity","MF"
"786","GO:0004649",1,0.931631636241441,0,5,"poly(ADP-ribose) glycohydrolase activity","MF"
"787","GO:0004651",1,0.987172099836991,0,1,"polynucleotide 5'-phosphatase activity","MF"
"788","GO:0004652",1,0.837532446803331,0,14,"polynucleotide adenylyltransferase activity","MF"
"789","GO:0004654",1,0.975748001676022,0,2,"polyribonucleotide nucleotidyltransferase activity","MF"
"790","GO:0004655",1,0.957608696033031,0,3,"porphobilinogen synthase activity","MF"
"791","GO:0004656",1,0.809987995776535,0,13,"procollagen-proline 4-dioxygenase activity","MF"
"792","GO:0004657",1,0.95638364464497,0,3,"proline dehydrogenase activity","MF"
"793","GO:0004659",1,0.888363177069037,0,8,"prenyltransferase activity","MF"
"794","GO:0004660",1,0.956071046006648,0,3,"protein farnesyltransferase activity","MF"
"795","GO:0004662",1,0.968378985899962,0,2,"CAAX-protein geranylgeranyltransferase activity","MF"
"796","GO:0004663",1,0.913541747948189,0,6,"Rab geranylgeranyltransferase activity","MF"
"797","GO:0004664",1,0.881169372708462,0,8,"prephenate dehydratase activity","MF"
"798","GO:0004665",1,0.937746844178768,0,4,"prephenate dehydrogenase (NADP+) activity","MF"
"799","GO:0004668",1,0.97051970789058,0,2,"protein-arginine deiminase activity","MF"
"800","GO:0004671",1,0.910873682121946,0,4,"protein C-terminal S-isoprenylcysteine carboxyl O-methyltransferase activity","MF"
"801","GO:0004673",1,0.740466974053397,0,23,"protein histidine kinase activity","MF"
"802","GO:0004676",1,0.971071179742512,0,2,"3-phosphoinositide-dependent protein kinase activity","MF"
"803","GO:0004679",1,0.93512195039042,0,4,"AMP-activated protein kinase activity","MF"
"804","GO:0004683",1,0.383379032800252,0,66,"calmodulin-dependent protein kinase activity","MF"
"805","GO:0004686",1,0.983781157939518,0,1,"elongation factor-2 kinase activity","MF"
"806","GO:0004694",1,0.976253797664497,0,2,"eukaryotic translation initiation factor 2alpha kinase activity","MF"
"807","GO:0004698",1,0.971459226003696,0,2,"calcium-dependent protein kinase C activity","MF"
"808","GO:0004707",1,0.615080347324538,0,32,"MAP kinase activity","MF"
"809","GO:0004708",1,0.77161428593776,0,16,"MAP kinase kinase activity","MF"
"810","GO:0004709",1,0.798214074533104,0,16,"MAP kinase kinase kinase activity","MF"
"811","GO:0004713",1,0.617937434539421,0,33,"protein tyrosine kinase activity","MF"
"812","GO:0004714",1,0.814178163618265,0,15,"transmembrane receptor protein tyrosine kinase activity","MF"
"813","GO:0004715",1,0.824346660125758,0,13,"non-membrane spanning protein tyrosine kinase activity","MF"
"814","GO:0004719",1,0.93336653604375,0,3,"protein-L-isoaspartate (D-aspartate) O-methyltransferase activity","MF"
"815","GO:0004721",1,0.320732345464114,0,76,"phosphoprotein phosphatase activity","MF"
"816","GO:0004723",1,0.826749966391251,0,14,"calcium-dependent protein serine/threonine phosphatase activity","MF"
"817","GO:0004725",1,0.581287015731299,0,34,"protein tyrosine phosphatase activity","MF"
"818","GO:0004729",1,0.959992328834404,0,3,"oxygen-dependent protoporphyrinogen oxidase activity","MF"
"819","GO:0004733",1,0.986934715840349,0,1,"pyridoxamine-phosphate oxidase activity","MF"
"820","GO:0004735",1,0.967307462045897,0,2,"pyrroline-5-carboxylate reductase activity","MF"
"821","GO:0004737",1,0.911729633420989,0,6,"pyruvate decarboxylase activity","MF"
"822","GO:0004739",1,0.914466118100715,0,6,"pyruvate dehydrogenase (acetyl-transferring) activity","MF"
"823","GO:0004740",1,0.984886309412082,0,1,"pyruvate dehydrogenase (acetyl-transferring) kinase activity","MF"
"824","GO:0004742",1,0.934179474512384,0,5,"dihydrolipoyllysine-residue acetyltransferase activity","MF"
"825","GO:0004743",1,0.863520650616913,0,10,"pyruvate kinase activity","MF"
"826","GO:0004746",1,0.981910015342814,0,1,"riboflavin synthase activity","MF"
"827","GO:0004747",1,0.965862602049836,0,2,"ribokinase activity","MF"
"828","GO:0004748",1,0.956067961064319,0,3,"ribonucleoside-diphosphate reductase activity, thioredoxin disulfide as acceptor","MF"
"829","GO:0004749",1,0.885983190756842,0,8,"ribose phosphate diphosphokinase activity","MF"
"830","GO:0004750",1,0.904366641930152,0,6,"ribulose-phosphate 3-epimerase activity","MF"
"831","GO:0004751",1,0.924975839150578,0,4,"ribose-5-phosphate isomerase activity","MF"
"832","GO:0004753",1,0.950114627320864,0,4,"saccharopine dehydrogenase activity","MF"
"833","GO:0004758",1,0.946689960949454,0,4,"serine C-palmitoyltransferase activity","MF"
"834","GO:0004760",1,0.984119702719284,0,1,"serine-pyruvate transaminase activity","MF"
"835","GO:0004764",1,0.986200210677354,0,1,"shikimate 3-dehydrogenase (NADP+) activity","MF"
"836","GO:0004765",1,0.86946178352204,0,9,"shikimate kinase activity","MF"
"837","GO:0004766",1,0.927199172780587,0,5,"spermidine synthase activity","MF"
"838","GO:0004768",1,0.985373025751673,0,1,"stearoyl-CoA 9-desaturase activity","MF"
"839","GO:0004769",1,0.980195671105153,0,1,"steroid delta-isomerase activity","MF"
"840","GO:0004775",1,0.955637492491289,0,3,"succinate-CoA ligase (ADP-forming) activity","MF"
"841","GO:0004776",1,0.955637492491289,0,3,"succinate-CoA ligase (GDP-forming) activity","MF"
"842","GO:0004777",1,0.987723612027933,0,1,"succinate-semialdehyde dehydrogenase (NAD+) activity","MF"
"843","GO:0004780",1,0.980624579419946,0,1,"sulfate adenylyltransferase (ADP) activity","MF"
"844","GO:0004781",1,0.940090283484878,0,4,"sulfate adenylyltransferase (ATP) activity","MF"
"845","GO:0004788",1,0.881525384674704,0,7,"thiamine diphosphokinase activity","MF"
"846","GO:0004789",1,0.985088473202272,0,1,"thiamine-phosphate diphosphorylase activity","MF"
"847","GO:0004793",1,0.972103004973511,0,2,"threonine aldolase activity","MF"
"848","GO:0004794",1,0.985796020226004,0,1,"L-threonine ammonia-lyase activity","MF"
"849","GO:0004795",1,0.968727776369064,0,2,"threonine synthase activity","MF"
"850","GO:0004797",1,0.960249612690916,0,2,"thymidine kinase activity","MF"
"851","GO:0004798",1,0.948642936417592,0,3,"thymidylate kinase activity","MF"
"852","GO:0004799",1,0.930148380083467,0,5,"thymidylate synthase activity","MF"
"853","GO:0004801",1,0.956408483534857,0,3,"sedoheptulose-7-phosphate:D-glyceraldehyde-3-phosphate glyceronetransferase activity","MF"
"854","GO:0004802",1,0.932262986515583,0,5,"transketolase activity","MF"
"855","GO:0004807",1,0.956027640392035,0,3,"triose-phosphate isomerase activity","MF"
"856","GO:0004808",1,0.985211418648591,0,1,"tRNA (5-methylaminomethyl-2-thiouridylate)-methyltransferase activity","MF"
"857","GO:0004809",1,0.940125603013913,0,4,"tRNA (guanine-N2-)-methyltransferase activity","MF"
"858","GO:0004810",1,0.974704277507751,0,2,"tRNA adenylyltransferase activity","MF"
"859","GO:0004812",1,0.619447049704327,0,33,"aminoacyl-tRNA ligase activity","MF"
"860","GO:0004813",1,0.963684587981221,0,3,"alanine-tRNA ligase activity","MF"
"861","GO:0004814",1,0.973929262656988,0,2,"arginine-tRNA ligase activity","MF"
"862","GO:0004815",1,0.958510981376249,0,3,"aspartate-tRNA ligase activity","MF"
"863","GO:0004816",1,0.92880496655808,0,5,"asparagine-tRNA ligase activity","MF"
"864","GO:0004817",1,0.942553848896046,0,4,"cysteine-tRNA ligase activity","MF"
"865","GO:0004818",1,0.971395104982053,0,2,"glutamate-tRNA ligase activity","MF"
"866","GO:0004819",1,0.973211920575879,0,2,"glutamine-tRNA ligase activity","MF"
"867","GO:0004820",1,0.94304210531779,0,4,"glycine-tRNA ligase activity","MF"
"868","GO:0004821",1,0.956451025695884,0,3,"histidine-tRNA ligase activity","MF"
"869","GO:0004822",1,0.976013034577047,0,2,"isoleucine-tRNA ligase activity","MF"
"870","GO:0004823",1,0.974559980046433,0,2,"leucine-tRNA ligase activity","MF"
"871","GO:0004824",1,0.972897635824067,0,2,"lysine-tRNA ligase activity","MF"
"872","GO:0004825",1,0.960417817889961,0,3,"methionine-tRNA ligase activity","MF"
"873","GO:0004826",1,0.959162132877573,0,3,"phenylalanine-tRNA ligase activity","MF"
"874","GO:0004827",1,0.957623616782268,0,3,"proline-tRNA ligase activity","MF"
"875","GO:0004828",1,0.969514257025763,0,2,"serine-tRNA ligase activity","MF"
"876","GO:0004829",1,0.944736010908023,0,4,"threonine-tRNA ligase activity","MF"
"877","GO:0004830",1,0.971879275515665,0,2,"tryptophan-tRNA ligase activity","MF"
"878","GO:0004831",1,0.946323492952211,0,4,"tyrosine-tRNA ligase activity","MF"
"879","GO:0004832",1,0.975980067601042,0,2,"valine-tRNA ligase activity","MF"
"880","GO:0004834",1,0.92413527342787,0,5,"tryptophan synthase activity","MF"
"881","GO:0004835",1,0.987551182724647,0,1,"tubulin-tyrosine ligase activity","MF"
"882","GO:0004837",1,0.985507639072524,0,1,"tyrosine decarboxylase activity","MF"
"883","GO:0004838",1,0.8996743042818,0,7,"L-tyrosine:2-oxoglutarate aminotransferase activity","MF"
"884","GO:0004839",1,0.936488504940265,0,4,"ubiquitin activating enzyme activity","MF"
"885","GO:0004843",1,0.335829428849788,0,77,"thiol-dependent ubiquitin-specific protease activity","MF"
"886","GO:0004844",1,0.984441134843802,0,1,"uracil DNA N-glycosylase activity","MF"
"887","GO:0004845",1,0.907018444632344,0,7,"uracil phosphoribosyltransferase activity","MF"
"888","GO:0004846",1,0.985124542966432,0,1,"urate oxidase activity","MF"
"889","GO:0004848",1,0.963383361427714,0,2,"ureidoglycolate hydrolase activity","MF"
"890","GO:0004849",1,0.921313266189644,0,6,"uridine kinase activity","MF"
"891","GO:0004851",1,0.956501722239686,0,3,"uroporphyrin-III C-methyltransferase activity","MF"
"892","GO:0004852",1,0.985417105794398,0,1,"uroporphyrinogen-III synthase activity","MF"
"893","GO:0004853",1,0.955159372560162,0,3,"uroporphyrinogen decarboxylase activity","MF"
"894","GO:0004854",1,0.98785932488206,0,1,"xanthine dehydrogenase activity","MF"
"895","GO:0004856",1,0.957662218207459,0,3,"xylulokinase activity","MF"
"896","GO:0004860",1,0.699494547768989,0,14,"protein kinase inhibitor activity","MF"
"897","GO:0004864",1,0.646798221856023,0,22,"protein phosphatase inhibitor activity","MF"
"898","GO:0004865",1,0.976323209325975,0,1,"protein serine/threonine phosphatase inhibitor activity","MF"
"899","GO:0004866",1,0.845305656775906,0,7,"endopeptidase inhibitor activity","MF"
"900","GO:0004869",1,0.816278709639587,0,9,"cysteine-type endopeptidase inhibitor activity","MF"
"901","GO:0004888",1,0.884835267299573,0,8,"transmembrane signaling receptor activity","MF"
"902","GO:0004930",1,0.884426626327084,0,9,"G protein-coupled receptor activity","MF"
"903","GO:0005034",1,0.905920662310025,0,8,"osmosensor activity","MF"
"904","GO:0005046",1,0.985335382891618,0,1,"KDEL sequence binding","MF"
"905","GO:0005047",1,0.898325794297274,0,7,"signal recognition particle binding","MF"
"906","GO:0005048",1,0.915196869435174,0,6,"signal sequence binding","MF"
"907","GO:0005049",1,0.905830212762977,0,8,"nuclear export signal receptor activity","MF"
"908","GO:0005052",1,0.987787114621865,0,1,"peroxisome matrix targeting signal-1 binding","MF"
"909","GO:0005053",1,0.980579062012828,0,1,"peroxisome matrix targeting signal-2 binding","MF"
"910","GO:0005078",1,0.949104059188648,0,3,"MAP-kinase scaffold activity","MF"
"911","GO:0005080",1,0.899975859197401,0,6,"protein kinase C binding","MF"
"912","GO:0005085",1,0.823081205199439,0,15,"guanyl-nucleotide exchange factor activity","MF"
"913","GO:0005086",1,0.726542501473675,0,20,"ARF guanyl-nucleotide exchange factor activity","MF"
"914","GO:0005089",1,0.802103722511558,0,15,"Rho guanyl-nucleotide exchange factor activity","MF"
"915","GO:0005090",1,0.956185929242525,0,3,"Sar guanyl-nucleotide exchange factor activity","MF"
"916","GO:0005092",1,0.985222100655194,0,1,"GDP-dissociation inhibitor activity","MF"
"917","GO:0005093",1,0.944555085246352,0,4,"Rab GDP-dissociation inhibitor activity","MF"
"918","GO:0005094",1,0.966276706750823,0,2,"Rho GDP-dissociation inhibitor activity","MF"
"919","GO:0005095",1,0.986982065927957,0,1,"GTPase inhibitor activity","MF"
"920","GO:0005096",1,0.22187411007525,0,106,"GTPase activator activity","MF"
"921","GO:0005102",1,0.534579961145872,0,30,"signaling receptor binding","MF"
"922","GO:0005179",1,0.876379952664285,0,5,"hormone activity","MF"
"923","GO:0005200",1,0.556546945389532,0,38,"structural constituent of cytoskeleton","MF"
"924","GO:0005201",1,0.97724273002175,0,1,"extracellular matrix structural constituent","MF"
"925","GO:0005212",1,0.979070497158335,0,1,"structural constituent of eye lens","MF"
"926","GO:0005215",1,0.00749373055864402,0,331,"transporter activity","MF"
"927","GO:0005216",1,0.581118841580642,0,38,"ion channel activity","MF"
"928","GO:0005221",1,0.972289251101316,0,2,"intracellular cyclic nucleotide activated cation channel activity","MF"
"929","GO:0005222",1,0.986321715013006,0,1,"intracellular cAMP-activated cation channel activity","MF"
"930","GO:0005223",1,0.919230365447479,0,6,"intracellular cGMP-activated cation channel activity","MF"
"931","GO:0005227",1,0.713807265381055,0,25,"calcium activated cation channel activity","MF"
"932","GO:0005242",1,0.886150202876278,0,9,"inward rectifier potassium channel activity","MF"
"933","GO:0005244",1,0.962605588788101,0,2,"voltage-gated ion channel activity","MF"
"934","GO:0005245",1,0.987809232546638,0,1,"voltage-gated calcium channel activity","MF"
"935","GO:0005247",1,0.859816800966848,0,11,"voltage-gated chloride channel activity","MF"
"936","GO:0005249",1,0.682487367765203,0,27,"voltage-gated potassium channel activity","MF"
"937","GO:0005253",1,0.883732277146887,0,9,"anion channel activity","MF"
"938","GO:0005254",1,0.974091740089223,0,2,"chloride channel activity","MF"
"939","GO:0005261",1,0.832486501405604,0,13,"cation channel activity","MF"
"940","GO:0005267",1,0.844302317820213,0,12,"potassium channel activity","MF"
"941","GO:0005272",1,0.957605712009271,0,3,"sodium channel activity","MF"
"942","GO:0005274",1,0.923568733456688,0,5,"allantoin:proton symporter activity","MF"
"943","GO:0005275",1,0.894297810887506,0,7,"amine transmembrane transporter activity","MF"
"944","GO:0005290",1,0.951082826093436,0,3,"L-histidine transmembrane transporter activity","MF"
"945","GO:0005302",1,0.983456676781189,0,1,"L-tyrosine transmembrane transporter activity","MF"
"946","GO:0005310",1,0.929301110242475,0,4,"dicarboxylic acid transmembrane transporter activity","MF"
"947","GO:0005313",1,0.888962418632139,0,8,"L-glutamate transmembrane transporter activity","MF"
"948","GO:0005319",1,0.768400567779421,0,18,"lipid transporter activity","MF"
"949","GO:0005337",1,0.888616337957602,0,8,"nucleoside transmembrane transporter activity","MF"
"950","GO:0005338",1,0.572270736156979,0,37,"nucleotide-sugar transmembrane transporter activity","MF"
"951","GO:0005344",1,0.966549748319822,0,2,"oxygen carrier activity","MF"
"952","GO:0005345",1,0.730687674223128,0,18,"purine nucleobase transmembrane transporter activity","MF"
"953","GO:0005347",1,0.855049196286362,0,10,"ATP transmembrane transporter activity","MF"
"954","GO:0005353",1,0.894198166508953,0,8,"fructose transmembrane transporter activity","MF"
"955","GO:0005354",1,0.911398586939336,0,6,"galactose transmembrane transporter activity","MF"
"956","GO:0005355",1,0.877206979255518,0,9,"glucose transmembrane transporter activity","MF"
"957","GO:0005358",1,0.987026407378198,0,1,"high-affinity glucose:proton symporter activity","MF"
"958","GO:0005363",1,0.985194339173793,0,1,"maltose transmembrane transporter activity","MF"
"959","GO:0005365",1,0.984960362568887,0,1,"myo-inositol transmembrane transporter activity","MF"
"960","GO:0005366",1,0.878457594248569,0,9,"myo-inositol:proton symporter activity","MF"
"961","GO:0005375",1,0.746754858552732,0,15,"copper ion transmembrane transporter activity","MF"
"962","GO:0005388",1,0.729603795177356,0,25,"calcium-transporting ATPase activity","MF"
"963","GO:0005432",1,0.927333788088085,0,5,"calcium:sodium antiporter activity","MF"
"964","GO:0005451",1,0.89136618663619,0,8,"monovalent cation:proton antiporter activity","MF"
"965","GO:0005452",1,0.897472893321101,0,8,"inorganic anion exchanger activity","MF"
"966","GO:0005456",1,0.970956456175296,0,2,"CMP-N-acetylneuraminate transmembrane transporter activity","MF"
"967","GO:0005457",1,0.896402693070222,0,7,"GDP-fucose transmembrane transporter activity","MF"
"968","GO:0005458",1,0.943406236154754,0,4,"GDP-mannose transmembrane transporter activity","MF"
"969","GO:0005459",1,0.768853428976339,0,17,"UDP-galactose transmembrane transporter activity","MF"
"970","GO:0005460",1,0.924405756579549,0,5,"UDP-glucose transmembrane transporter activity","MF"
"971","GO:0005463",1,0.969898270681392,0,2,"UDP-N-acetylgalactosamine transmembrane transporter activity","MF"
"972","GO:0005464",1,0.88627885098952,0,8,"UDP-xylose transmembrane transporter activity","MF"
"973","GO:0005471",1,0.877375409594609,0,8,"ATP:ADP antiporter activity","MF"
"974","GO:0005476",1,0.983648064758452,0,1,"carnitine:acyl carnitine antiporter activity","MF"
"975","GO:0005483",1,0.940878901334786,0,4,"soluble NSF attachment protein activity","MF"
"976","GO:0005496",1,0.873344294622052,0,8,"steroid binding","MF"
"977","GO:0005522",1,0.98511333066108,0,1,"profilin binding","MF"
"978","GO:0005534",1,0.947943476113493,0,4,"galactose binding","MF"
"979","GO:0005536",1,0.892617083658564,0,8,"glucose binding","MF"
"980","GO:0005539",1,0.981953395266216,0,1,"glycosaminoglycan binding","MF"
"981","GO:0005544",1,0.84004857817378,0,11,"calcium-dependent phospholipid binding","MF"
"982","GO:0005545",1,0.699845103522108,0,21,"1-phosphatidylinositol binding","MF"
"983","GO:0005546",1,0.607998873488982,0,34,"phosphatidylinositol-4,5-bisphosphate binding","MF"
"984","GO:0005547",1,0.914493573725069,0,6,"phosphatidylinositol-3,4,5-trisphosphate binding","MF"
"985","GO:0005548",1,0.858228173198753,0,10,"phospholipid transporter activity","MF"
"986","GO:0008017",1,0.0640386414570954,0,199,"microtubule binding","MF"
"987","GO:0008020",1,0.915683535348349,0,7,"G protein-coupled photoreceptor activity","MF"
"988","GO:0008022",1,0.867536594739725,0,10,"protein C-terminus binding","MF"
"989","GO:0008047",1,0.711269768237485,0,18,"enzyme activator activity","MF"
"990","GO:0008080",1,0.456393748072845,0,43,"N-acetyltransferase activity","MF"
"991","GO:0008081",1,0.826337147187041,0,12,"phosphoric diester hydrolase activity","MF"
"992","GO:0008092",1,0.98546679789209,0,1,"cytoskeletal protein binding","MF"
"993","GO:0008097",1,0.71259444768746,0,17,"5S rRNA binding","MF"
"994","GO:0008106",1,0.766091514001881,0,15,"alcohol dehydrogenase (NADP+) activity","MF"
"995","GO:0008108",1,0.982547595260118,0,1,"UDP-glucose:hexose-1-phosphate uridylyltransferase activity","MF"
"996","GO:0008113",1,0.788803266272269,0,12,"peptide-methionine (S)-S-oxide reductase activity","MF"
"997","GO:0008114",1,0.938028593012389,0,4,"phosphogluconate 2-dehydrogenase activity","MF"
"998","GO:0008115",1,0.983539657904888,0,1,"sarcosine oxidase activity","MF"
"999","GO:0008117",1,0.987162719116724,0,1,"sphinganine-1-phosphate aldolase activity","MF"
"1000","GO:0008120",1,0.974469503092206,0,2,"ceramide glucosyltransferase activity","MF"
"1001","GO:0008121",1,0.782497240781914,0,13,"ubiquinol-cytochrome-c reductase activity","MF"
"1002","GO:0008124",1,0.947733013204682,0,3,"4-alpha-hydroxytetrahydrobiopterin dehydratase activity","MF"
"1003","GO:0008126",1,0.982953503880695,0,1,"acetylesterase activity","MF"
"1004","GO:0008131",1,0.719868697068445,0,23,"primary amine oxidase activity","MF"
"1005","GO:0008135",1,0.804641010900459,0,16,"translation factor activity, RNA binding","MF"
"1006","GO:0008137",1,0.452157928874794,0,36,"NADH dehydrogenase (ubiquinone) activity","MF"
"1007","GO:0008138",1,0.750263051087754,0,18,"protein tyrosine/serine/threonine phosphatase activity","MF"
"1008","GO:0008139",1,0.680481830141959,0,27,"nuclear localization sequence binding","MF"
"1009","GO:0008142",1,0.685536918903313,0,28,"oxysterol binding","MF"
"1010","GO:0008146",1,0.677939454520631,0,19,"sulfotransferase activity","MF"
"1011","GO:0008157",1,0.976323209325975,0,1,"protein phosphatase 1 binding","MF"
"1012","GO:0008158",1,0.976206769273414,0,2,"hedgehog receptor activity","MF"
"1013","GO:0008160",1,0.984441134843802,0,1,"protein tyrosine phosphatase activator activity","MF"
"1014","GO:0008170",1,0.986230627163906,0,1,"N-methyltransferase activity","MF"
"1015","GO:0008173",1,0.810553259194965,0,14,"RNA methyltransferase activity","MF"
"1016","GO:0008175",1,0.862254345134148,0,10,"tRNA methyltransferase activity","MF"
"1017","GO:0008176",1,0.948716873797516,0,3,"tRNA (guanine-N7-)-methyltransferase activity","MF"
"1018","GO:0008177",1,0.823832637864638,0,11,"succinate dehydrogenase (ubiquinone) activity","MF"
"1019","GO:0008179",1,0.985430923407988,0,1,"adenylate cyclase binding","MF"
"1020","GO:0008184",1,0.975513980807746,0,2,"glycogen phosphorylase activity","MF"
"1021","GO:0008186",1,0.98526583459827,0,1,"RNA-dependent ATPase activity","MF"
"1022","GO:0008187",1,0.936294605697611,0,5,"poly-pyrimidine tract binding","MF"
"1023","GO:0008193",1,0.939829008265318,0,5,"tRNA guanylyltransferase activity","MF"
"1024","GO:0008195",1,0.72165175462216,0,21,"phosphatidate phosphatase activity","MF"
"1025","GO:0008198",1,0.742434296916108,0,18,"ferrous iron binding","MF"
"1026","GO:0008199",1,0.822410611644935,0,12,"ferric iron binding","MF"
"1027","GO:0008234",1,0.302344136426278,0,76,"cysteine-type peptidase activity","MF"
"1028","GO:0008235",1,0.834072244808953,0,12,"metalloexopeptidase activity","MF"
"1029","GO:0008236",1,0.505340617797249,0,47,"serine-type peptidase activity","MF"
"1030","GO:0008237",1,0.504897909473792,0,47,"metallopeptidase activity","MF"
"1031","GO:0008239",1,0.898599541262419,0,8,"dipeptidyl-peptidase activity","MF"
"1032","GO:0008240",1,0.988064564095933,0,1,"tripeptidyl-peptidase activity","MF"
"1033","GO:0008242",1,0.940831378674599,0,4,"omega peptidase activity","MF"
"1034","GO:0008251",1,0.939456703043946,0,4,"tRNA-specific adenosine deaminase activity","MF"
"1035","GO:0008252",1,0.956771301969276,0,3,"nucleotidase activity","MF"
"1036","GO:0008253",1,0.896491686554592,0,8,"5'-nucleotidase activity","MF"
"1037","GO:0008265",1,0.891862015527122,0,8,"Mo-molybdopterin cofactor sulfurase activity","MF"
"1038","GO:0008266",1,0.631038801323052,0,29,"poly(U) RNA binding","MF"
"1039","GO:0008276",1,0.91578153754724,0,6,"protein methyltransferase activity","MF"
"1040","GO:0008281",1,0.975877882675299,0,2,"sulfonylurea receptor activity","MF"
"1041","GO:0008296",1,0.963849917492025,0,3,"3'-5'-exodeoxyribonuclease activity","MF"
"1042","GO:0008301",1,0.91856601821567,0,6,"DNA binding, bending","MF"
"1043","GO:0008308",1,0.758140206717724,0,18,"voltage-gated anion channel activity","MF"
"1044","GO:0008309",1,0.967901350348889,0,2,"double-stranded DNA exodeoxyribonuclease activity","MF"
"1045","GO:0008310",1,0.950956550302802,0,3,"single-stranded DNA 3'-5' exodeoxyribonuclease activity","MF"
"1046","GO:0008311",1,0.901779411121026,0,7,"double-stranded DNA 3'-5' exodeoxyribonuclease activity","MF"
"1047","GO:0008312",1,0.84376317671852,0,11,"7S RNA binding","MF"
"1048","GO:0008318",1,0.956069728709004,0,3,"protein prenyltransferase activity","MF"
"1049","GO:0008320",1,0.523770253648957,0,36,"protein transmembrane transporter activity","MF"
"1050","GO:0008327",1,0.735431347722875,0,20,"methyl-CpG binding","MF"
"1051","GO:0008373",1,0.927493487265049,0,5,"sialyltransferase activity","MF"
"1052","GO:0008374",1,0.911378114482382,0,6,"O-acyltransferase activity","MF"
"1053","GO:0008378",1,0.674794550198125,0,26,"galactosyltransferase activity","MF"
"1054","GO:0008379",1,0.789837019853434,0,12,"thioredoxin peroxidase activity","MF"
"1055","GO:0008381",1,0.815563385141712,0,15,"mechanosensitive ion channel activity","MF"
"1056","GO:0008395",1,0.961606110679859,0,3,"steroid hydroxylase activity","MF"
"1057","GO:0008398",1,0.984806439505296,0,1,"sterol 14-demethylase activity","MF"
"1058","GO:0008408",1,0.523404486383332,0,41,"3'-5' exonuclease activity","MF"
"1059","GO:0008409",1,0.760811082477067,0,21,"5'-3' exonuclease activity","MF"
"1060","GO:0008413",1,0.973663415677144,0,1,"8-oxo-7,8-dihydroguanosine triphosphate pyrophosphatase activity","MF"
"1061","GO:0008418",1,0.954714568019188,0,3,"protein-N-terminal asparagine amidohydrolase activity","MF"
"1062","GO:0008419",1,0.970468434089972,0,2,"RNA lariat debranching enzyme activity","MF"
"1063","GO:0008420",1,0.813160942147149,0,15,"RNA polymerase II CTD heptapeptide repeat phosphatase activity","MF"
"1064","GO:0008425",1,0.985197153483217,0,1,"2-polyprenyl-6-methoxy-1,4-benzoquinone methyltransferase activity","MF"
"1065","GO:0008428",1,0.900751880442378,0,6,"ribonuclease inhibitor activity","MF"
"1066","GO:0008429",1,0.920472921444473,0,4,"phosphatidylethanolamine binding","MF"
"1067","GO:0008430",1,0.907869681645477,0,6,"selenium binding","MF"
"1068","GO:0008441",1,0.813667453401888,0,13,"3'(2'),5'-bisphosphate nucleotidase activity","MF"
"1069","GO:0008442",1,0.925340418569584,0,4,"3-hydroxyisobutyrate dehydrogenase activity","MF"
"1070","GO:0008444",1,0.967992578371577,0,2,"CDP-diacylglycerol-glycerol-3-phosphate 3-phosphatidyltransferase activity","MF"
"1071","GO:0008446",1,0.963950055806889,0,2,"GDP-mannose 4,6-dehydratase activity","MF"
"1072","GO:0008447",1,0.974622363949852,0,2,"L-ascorbate oxidase activity","MF"
"1073","GO:0008453",1,0.888913678650098,0,8,"alanine-glyoxylate transaminase activity","MF"
"1074","GO:0008455",1,0.983402591525846,0,1,"alpha-1,6-mannosylglycoprotein 2-beta-N-acetylglucosaminyltransferase activity","MF"
"1075","GO:0008460",1,0.943117498066431,0,4,"dTDP-glucose 4,6-dehydratase activity","MF"
"1076","GO:0008469",1,0.836914218454639,0,13,"histone-arginine N-methyltransferase activity","MF"
"1077","GO:0008470",1,0.986217821111827,0,1,"isovaleryl-CoA dehydrogenase activity","MF"
"1078","GO:0008474",1,0.816378343519645,0,12,"palmitoyl-(protein) hydrolase activity","MF"
"1079","GO:0008476",1,0.972930586493035,0,2,"protein-tyrosine sulfotransferase activity","MF"
"1080","GO:0008477",1,0.955558174446964,0,3,"purine nucleosidase activity","MF"
"1081","GO:0008478",1,0.973258487028328,0,2,"pyridoxal kinase activity","MF"
"1082","GO:0008481",1,0.957922431448084,0,3,"sphinganine kinase activity","MF"
"1083","GO:0008482",1,0.969122273125952,0,2,"sulfite oxidase activity","MF"
"1084","GO:0008493",1,0.916069415265857,0,7,"tetracycline transmembrane transporter activity","MF"
"1085","GO:0008494",1,0.866467997187129,0,7,"translation activator activity","MF"
"1086","GO:0008495",1,0.984783732328817,0,1,"protoheme IX farnesyltransferase activity","MF"
"1087","GO:0008506",1,0.903925338242788,0,7,"sucrose:proton symporter activity","MF"
"1088","GO:0008508",1,0.882725147560464,0,8,"bile acid:sodium symporter activity","MF"
"1089","GO:0008509",1,0.985026989544966,0,1,"anion transmembrane transporter activity","MF"
"1090","GO:0008511",1,0.963809856110517,0,3,"sodium:potassium:chloride symporter activity","MF"
"1091","GO:0008514",1,0.664900000223808,0,26,"organic anion transmembrane transporter activity","MF"
"1092","GO:0008517",1,0.94433543543772,0,4,"folic acid transmembrane transporter activity","MF"
"1093","GO:0008519",1,0.885105416280125,0,7,"ammonium transmembrane transporter activity","MF"
"1094","GO:0008526",1,0.774061382201834,0,17,"phosphatidylinositol transporter activity","MF"
"1095","GO:0008531",1,0.984395211385253,0,1,"riboflavin kinase activity","MF"
"1096","GO:0008534",1,0.906120642850623,0,6,"oxidized purine nucleobase lesion DNA N-glycosylase activity","MF"
"1097","GO:0008536",1,0.524775407316341,0,45,"Ran GTPase binding","MF"
"1098","GO:0008551",1,0.939938843788152,0,5,"cadmium-exporting ATPase activity","MF"
"1099","GO:0008559",1,0.929427803999779,0,6,"xenobiotic transmembrane transporting ATPase activity","MF"
"1100","GO:0008568",1,0.903733044584141,0,8,"microtubule-severing ATPase activity","MF"
"1101","GO:0008569",1,0.963758141967773,0,3,"ATP-dependent microtubule motor activity, minus-end-directed","MF"
"1102","GO:0008574",1,0.77038766803526,0,19,"ATP-dependent microtubule motor activity, plus-end-directed","MF"
"1103","GO:0008641",1,0.91496104134399,0,6,"ubiquitin-like modifier activating enzyme activity","MF"
"1104","GO:0008649",1,0.917557401484733,0,5,"rRNA methyltransferase activity","MF"
"1105","GO:0008650",1,0.964403303393375,0,2,"rRNA (uridine-2'-O-)-methyltransferase activity","MF"
"1106","GO:0008660",1,0.955767883273926,0,3,"1-aminocyclopropane-1-carboxylate deaminase activity","MF"
"1107","GO:0008661",1,0.946025274265067,0,4,"1-deoxy-D-xylulose-5-phosphate synthase activity","MF"
"1108","GO:0008670",1,0.980865639398018,0,1,"2,4-dienoyl-CoA reductase (NADPH) activity","MF"
"1109","GO:0008676",1,0.915972008592879,0,6,"3-deoxy-8-phosphooctulonate synthase activity","MF"
"1110","GO:0008685",1,0.982204715283518,0,1,"2-C-methyl-D-erythritol 2,4-cyclodiphosphate synthase activity","MF"
"1111","GO:0008686",1,0.955953372992166,0,3,"3,4-dihydroxy-2-butanone-4-phosphate synthase activity","MF"
"1112","GO:0008689",1,0.985197153483217,0,1,"3-demethylubiquinone-9 3-O-methyltransferase activity","MF"
"1113","GO:0008690",1,0.985160535680092,0,1,"3-deoxy-manno-octulosonate cytidylyltransferase activity","MF"
"1114","GO:0008691",1,0.962873695522214,0,2,"3-hydroxybutyryl-CoA dehydrogenase activity","MF"
"1115","GO:0008692",1,0.975331214101826,0,2,"3-hydroxybutyryl-CoA epimerase activity","MF"
"1116","GO:0008696",1,0.964347788460465,0,2,"4-amino-4-deoxychorismate lyase activity","MF"
"1117","GO:0008703",1,0.975659426113319,0,2,"5-amino-6-(5-phosphoribosylamino)uracil reductase activity","MF"
"1118","GO:0008705",1,0.913446684277411,0,7,"methionine synthase activity","MF"
"1119","GO:0008710",1,0.970968775240461,0,2,"8-amino-7-oxononanoate synthase activity","MF"
"1120","GO:0008716",1,0.939557540650326,0,5,"D-alanine-D-alanine ligase activity","MF"
"1121","GO:0008720",1,0.987731737151512,0,1,"D-lactate dehydrogenase activity","MF"
"1122","GO:0008721",1,0.983271222033813,0,1,"D-serine ammonia-lyase activity","MF"
"1123","GO:0008725",1,0.835691582545849,0,11,"DNA-3-methyladenine glycosylase activity","MF"
"1124","GO:0008728",1,0.956614348382012,0,3,"GTP diphosphokinase activity","MF"
"1125","GO:0008732",1,0.972103004973511,0,2,"L-allo-threonine aldolase activity","MF"
"1126","GO:0008734",1,0.986684277774079,0,1,"L-aspartate oxidase activity","MF"
"1127","GO:0008746",1,0.969910102156292,0,2,"NAD(P)+ transhydrogenase activity","MF"
"1128","GO:0008752",1,0.979923640231365,0,1,"FMN reductase activity","MF"
"1129","GO:0008756",1,0.971733825980896,0,2,"o-succinylbenzoate-CoA ligase activity","MF"
"1130","GO:0008759",1,0.983152708177208,0,1,"UDP-3-O-[3-hydroxymyristoyl] N-acetylglucosamine deacetylase activity","MF"
"1131","GO:0008777",1,0.984755753632421,0,1,"acetylornithine deacetylase activity","MF"
"1132","GO:0008780",1,0.96948918463197,0,2,"acyl-[acyl-carrier-protein]-UDP-N-acetylglucosamine O-acyltransferase activity","MF"
"1133","GO:0008782",1,0.936134393050484,0,4,"adenosylhomocysteine nucleosidase activity","MF"
"1134","GO:0008783",1,0.984158321290404,0,1,"agmatinase activity","MF"
"1135","GO:0008792",1,0.956489950196904,0,3,"arginine decarboxylase activity","MF"
"1136","GO:0008793",1,0.970949788133417,0,2,"aromatic-amino-acid:2-oxoglutarate aminotransferase activity","MF"
"1137","GO:0008794",1,0.738665555581935,0,13,"arsenate reductase (glutaredoxin) activity","MF"
"1138","GO:0008798",1,0.918878345921221,0,5,"beta-aspartyl-peptidase activity","MF"
"1139","GO:0008800",1,0.956573418945059,0,3,"beta-lactamase activity","MF"
"1140","GO:0008802",1,0.960644801116012,0,3,"betaine-aldehyde dehydrogenase activity","MF"
"1141","GO:0008805",1,0.934528890852059,0,4,"carbon-monoxide oxygenase activity","MF"
"1142","GO:0008807",1,0.983461124871712,0,1,"carboxyvinyl-carboxyphosphonate phosphorylmutase activity","MF"
"1143","GO:0008808",1,0.984840618513367,0,1,"cardiolipin synthase activity","MF"
"1144","GO:0008809",1,0.954504237754957,0,2,"carnitine racemase activity","MF"
"1145","GO:0008821",1,0.867191119397815,0,10,"crossover junction endodeoxyribonuclease activity","MF"
"1146","GO:0008824",1,0.950141845590035,0,3,"cyanate hydratase activity","MF"
"1147","GO:0008825",1,0.962588431604977,0,3,"cyclopropane-fatty-acyl-phospholipid synthase activity","MF"
"1148","GO:0008830",1,0.983333125132579,0,1,"dTDP-4-dehydrorhamnose 3,5-epimerase activity","MF"
"1149","GO:0008831",1,0.983333125132579,0,1,"dTDP-4-dehydrorhamnose reductase activity","MF"
"1150","GO:0008832",1,0.987103143828913,0,1,"dGTPase activity","MF"
"1151","GO:0008835",1,0.960838740244587,0,3,"diaminohydroxyphosphoribosylaminopyrimidine deaminase activity","MF"
"1152","GO:0008836",1,0.970404764184495,0,2,"diaminopimelate decarboxylase activity","MF"
"1153","GO:0008837",1,0.984872680475411,0,1,"diaminopimelate epimerase activity","MF"
"1154","GO:0008839",1,0.940337281376043,0,4,"4-hydroxy-tetrahydrodipicolinate reductase","MF"
"1155","GO:0008840",1,0.951821689124531,0,3,"4-hydroxy-tetrahydrodipicolinate synthase","MF"
"1156","GO:0008841",1,0.985166815530417,0,1,"dihydrofolate synthase activity","MF"
"1157","GO:0008843",1,0.968299939051675,0,2,"endochitinase activity","MF"
"1158","GO:0008859",1,0.987617392009942,0,1,"exoribonuclease II activity","MF"
"1159","GO:0008863",1,0.985143709180586,0,1,"formate dehydrogenase (NAD+) activity","MF"
"1160","GO:0008864",1,0.922832825405901,0,5,"formyltetrahydrofolate deformylase activity","MF"
"1161","GO:0008865",1,0.782705625002995,0,15,"fructokinase activity","MF"
"1162","GO:0008878",1,0.930089108170668,0,5,"glucose-1-phosphate adenylyltransferase activity","MF"
"1163","GO:0008883",1,0.954417793024169,0,3,"glutamyl-tRNA reductase activity","MF"
"1164","GO:0008886",1,0.970574213116541,0,2,"glyceraldehyde-3-phosphate dehydrogenase (NADP+) (non-phosphorylating) activity","MF"
"1165","GO:0008887",1,0.942632789201635,0,4,"glycerate kinase activity","MF"
"1166","GO:0008889",1,0.861943674430478,0,10,"glycerophosphodiester phosphodiesterase activity","MF"
"1167","GO:0008897",1,0.969063300117456,0,2,"holo-[acyl-carrier-protein] synthase activity","MF"
"1168","GO:0008898",1,0.912137313349793,0,6,"S-adenosylmethionine-homocysteine S-methyltransferase activity","MF"
"1169","GO:0008901",1,0.984949536641726,0,1,"ferredoxin hydrogenase activity","MF"
"1170","GO:0008902",1,0.985088473202272,0,1,"hydroxymethylpyrimidine kinase activity","MF"
"1171","GO:0008909",1,0.947762993681236,0,4,"isochorismate synthase activity","MF"
"1172","GO:0008911",1,0.985250220800604,0,1,"lactaldehyde dehydrogenase activity","MF"
"1173","GO:0008922",1,0.987826587645006,0,1,"long-chain fatty acid [acyl-carrier-protein] ligase activity","MF"
"1174","GO:0008928",1,0.985102171553355,0,1,"mannose-1-phosphate guanylyltransferase (GDP) activity","MF"
"1175","GO:0008930",1,0.936134393050484,0,4,"methylthioadenosine nucleosidase activity","MF"
"1176","GO:0008934",1,0.925611211487379,0,5,"inositol monophosphate 1-phosphatase activity","MF"
"1177","GO:0008935",1,0.984879540440687,0,1,"1,4-dihydroxy-2-naphthoyl-CoA synthase activity","MF"
"1178","GO:0008936",1,0.910863499146154,0,4,"nicotinamidase activity","MF"
"1179","GO:0008940",1,0.972728858178633,0,2,"nitrate reductase activity","MF"
"1180","GO:0008942",1,0.981578668259948,0,1,"nitrite reductase [NAD(P)H] activity","MF"
"1181","GO:0008948",1,0.922831724359371,0,6,"oxaloacetate decarboxylase activity","MF"
"1182","GO:0008962",1,0.949527793199341,0,3,"phosphatidylglycerophosphatase activity","MF"
"1183","GO:0008963",1,0.956763736050283,0,3,"phospho-N-acetylmuramoyl-pentapeptide-transferase activity","MF"
"1184","GO:0008964",1,0.914970118094576,0,7,"phosphoenolpyruvate carboxylase activity","MF"
"1185","GO:0008967",1,0.970387037087586,0,2,"phosphoglycolate phosphatase activity","MF"
"1186","GO:0008970",1,0.777911479417615,0,16,"phospholipase A1 activity","MF"
"1187","GO:0008972",1,0.985088473202272,0,1,"phosphomethylpyrimidine kinase activity","MF"
"1188","GO:0008977",1,0.937746844178768,0,4,"prephenate dehydrogenase (NAD+) activity","MF"
"1189","GO:0008987",1,0.985972544577453,0,1,"quinolinate synthetase A activity","MF"
"1190","GO:0009000",1,0.949765862748929,0,4,"selenocysteine lyase activity","MF"
"1191","GO:0009001",1,0.916514280606579,0,5,"serine O-acetyltransferase activity","MF"
"1192","GO:0009007",1,0.98501898303514,0,1,"site-specific DNA-methyltransferase (adenine-specific) activity","MF"
"1193","GO:0009008",1,0.986230627163906,0,1,"DNA-methyltransferase activity","MF"
"1194","GO:0009011",1,0.889302551858482,0,9,"starch synthase activity","MF"
"1195","GO:0009013",1,0.987723612027933,0,1,"succinate-semialdehyde dehydrogenase [NAD(P)+] activity","MF"
"1196","GO:0009019",1,0.924473268771197,0,5,"tRNA (guanine-N1-)-methyltransferase activity","MF"
"1197","GO:0009020",1,0.984661056377985,0,1,"tRNA (guanosine-2'-O-)-methyltransferase activity","MF"
"1198","GO:0009039",1,0.987581329842554,0,1,"urease activity","MF"
"1199","GO:0009041",1,0.849324185421058,0,10,"uridylate kinase activity","MF"
"1200","GO:0009045",1,0.971617155837834,0,2,"xylose isomerase activity","MF"
"1201","GO:0009374",1,0.954709604770559,0,3,"biotin binding","MF"
"1202","GO:0009378",1,0.881394136873063,0,10,"four-way junction helicase activity","MF"
"1203","GO:0009383",1,0.974158483330092,0,2,"rRNA (cytosine-C5-)-methyltransferase activity","MF"
"1204","GO:0009496",1,0.952488211385948,0,2,"plastoquinol--plastocyanin reductase activity","MF"
"1205","GO:0009540",1,0.973340706841371,0,2,"zeaxanthin epoxidase [overall] activity","MF"
"1206","GO:0009670",1,0.985362288370597,0,1,"triose-phosphate:phosphate antiporter activity","MF"
"1207","GO:0009671",1,0.95887298981979,0,3,"nitrate:proton symporter activity","MF"
"1208","GO:0009672",1,0.74848540033647,0,20,"auxin:proton symporter activity","MF"
"1209","GO:0009673",1,0.970339648348085,0,2,"low-affinity phosphate transmembrane transporter activity","MF"
"1210","GO:0009674",1,0.987751471719042,0,1,"potassium:sodium symporter activity","MF"
"1211","GO:0009678",1,0.914820504933931,0,7,"hydrogen-translocating pyrophosphatase activity","MF"
"1212","GO:0009679",1,0.969799956649343,0,2,"hexose:proton symporter activity","MF"
"1213","GO:0009702",1,0.987904793109954,0,1,"L-arabinokinase activity","MF"
"1214","GO:0009703",1,0.972728858178633,0,2,"nitrate reductase (NADH) activity","MF"
"1215","GO:0009824",1,0.914800913734811,0,5,"AMP dimethylallyltransferase activity","MF"
"1216","GO:0009881",1,0.778546121083711,0,18,"photoreceptor activity","MF"
"1217","GO:0009882",1,0.899290113155014,0,8,"blue light photoreceptor activity","MF"
"1218","GO:0009883",1,0.927648115643248,0,6,"red or far-red light photoreceptor activity","MF"
"1219","GO:0009884",1,0.917139156646356,0,7,"cytokinin receptor activity","MF"
"1220","GO:0009885",1,0.93999500239632,0,5,"transmembrane histidine kinase cytokinin receptor activity","MF"
"1221","GO:0009899",1,0.987179325511254,0,1,"ent-kaurene synthase activity","MF"
"1222","GO:0009917",1,0.977121065714536,0,1,"sterol 5-alpha reductase activity","MF"
"1223","GO:0009918",1,0.986423246471088,0,1,"sterol delta7 reductase activity","MF"
"1224","GO:0009922",1,0.836401205097721,0,10,"fatty acid elongase activity","MF"
"1225","GO:0009924",1,0.986747246271319,0,1,"octadecanal decarbonylase activity","MF"
"1226","GO:0009927",1,0.851679696531671,0,10,"histidine phosphotransfer kinase activity","MF"
"1227","GO:0009931",1,0.38313263283156,0,66,"calcium-dependent protein serine/threonine kinase activity","MF"
"1228","GO:0009940",1,0.987083933930877,0,1,"amino-terminal vacuolar sorting propeptide binding","MF"
"1229","GO:0009973",1,0.937674097568623,0,4,"adenylyl-sulfate reductase activity","MF"
"1230","GO:0009974",1,0.987557262854203,0,1,"zeinoxanthin epsilon hydroxylase activity","MF"
"1231","GO:0009976",1,0.985761309065787,0,1,"tocopherol cyclase activity","MF"
"1232","GO:0009977",1,0.941893408995953,0,3,"proton motive force dependent protein transmembrane transporter activity","MF"
"1233","GO:0009978",1,0.983840504709681,0,1,"allene oxide synthase activity","MF"
"1234","GO:0009979",1,0.908182824944259,0,6,"16:0 monogalactosyldiacylglycerol desaturase activity","MF"
"1235","GO:0009982",1,0.684906194447246,0,25,"pseudouridine synthase activity","MF"
"1236","GO:0010011",1,0.903731572231902,0,7,"auxin binding","MF"
"1237","GO:0010012",1,0.956538245622392,0,3,"steroid 22-alpha hydroxylase activity","MF"
"1238","GO:0010013",1,0.974148698958621,0,2,"N-1-naphthylphthalamic acid binding","MF"
"1239","GO:0010174",1,0.982197938905786,0,1,"nucleoside transmembrane transporter activity, against a concentration gradient","MF"
"1240","GO:0010175",1,0.984061121454593,0,1,"sphingosine transmembrane transporter activity","MF"
"1241","GO:0010176",1,0.971554658922503,0,2,"homogentisate phytyltransferase activity","MF"
"1242","GO:0010177",1,0.960116900050896,0,3,"2-(2'-methylthio)ethylmalate synthase activity","MF"
"1243","GO:0010178",1,0.925966834059254,0,5,"IAA-amino acid conjugate hydrolase activity","MF"
"1244","GO:0010179",1,0.968820465641656,0,2,"IAA-Ala conjugate hydrolase activity","MF"
"1245","GO:0010209",1,0.95511012900794,0,3,"vacuolar sorting signal binding","MF"
"1246","GO:0010210",1,0.954121367372382,0,3,"IAA-Phe conjugate hydrolase activity","MF"
"1247","GO:0010211",1,0.954121367372382,0,3,"IAA-Leu conjugate hydrolase activity","MF"
"1248","GO:0010242",1,0.965192547988803,0,2,"oxygen evolving activity","MF"
"1249","GO:0010276",1,0.984272635884726,0,1,"phytol kinase activity","MF"
"1250","GO:0010277",1,0.925494700552614,0,5,"chlorophyllide a oxygenase [overall] activity","MF"
"1251","GO:0010279",1,0.898992097295551,0,7,"indole-3-acetic acid amido synthetase activity","MF"
"1252","GO:0010280",1,0.956368521857803,0,3,"UDP-L-rhamnose synthase activity","MF"
"1253","GO:0010283",1,0.940910817019157,0,4,"pinoresinol reductase activity","MF"
"1254","GO:0010285",1,0.98540468369286,0,1,"L,L-diaminopimelate aminotransferase activity","MF"
"1255","GO:0010290",1,0.963800255020496,0,3,"chlorophyll catabolite transmembrane transporter activity","MF"
"1256","GO:0010291",1,0.955389248223813,0,3,"carotene beta-ring hydroxylase activity","MF"
"1257","GO:0010292",1,0.975775000223758,0,2,"GTP:GDP antiporter activity","MF"
"1258","GO:0010293",1,0.963702116622589,0,3,"abscisic aldehyde oxidase activity","MF"
"1259","GO:0010294",1,0.916912518962909,0,5,"abscisic acid glucosyltransferase activity","MF"
"1260","GO:0010295",1,0.955454791759045,0,3,"(+)-abscisic acid 8'-hydroxylase activity","MF"
"1261","GO:0010296",1,0.958727729104834,0,3,"prenylcysteine methylesterase activity","MF"
"1262","GO:0010297",1,0.954732606591195,0,3,"heteropolysaccharide binding","MF"
"1263","GO:0010298",1,0.983162796875319,0,1,"dihydrocamalexic acid decarboxylase activity","MF"
"1264","GO:0010301",1,0.983070585802612,0,1,"xanthoxin dehydrogenase activity","MF"
"1265","GO:0010303",1,0.975982072889183,0,2,"limit dextrinase activity","MF"
"1266","GO:0010307",1,0.983811089082996,0,1,"acetylglutamate kinase regulator activity","MF"
"1267","GO:0010313",1,0.953417756428921,0,3,"phytochrome binding","MF"
"1268","GO:0010314",1,0.987904630054175,0,1,"phosphatidylinositol-5-phosphate binding","MF"
"1269","GO:0010326",1,0.926227988111372,0,5,"methionine-oxo-acid transaminase activity","MF"
"1270","GO:0010328",1,0.867755246996656,0,11,"auxin influx transmembrane transporter activity","MF"
"1271","GO:0010329",1,0.676685061059386,0,29,"auxin efflux transmembrane transporter activity","MF"
"1272","GO:0010331",1,0.954574705516617,0,3,"gibberellin binding","MF"
"1273","GO:0010340",1,0.948694989082343,0,2,"carboxyl-O-methyltransferase activity","MF"
"1274","GO:0010341",1,0.984314285061125,0,1,"gibberellin carboxyl-O-methyltransferase activity","MF"
"1275","GO:0010347",1,0.940431425403011,0,4,"L-galactose-1-phosphate phosphatase activity","MF"
"1276","GO:0010348",1,0.97504724157621,0,2,"lithium:proton antiporter activity","MF"
"1277","GO:0010349",1,0.984098418807584,0,1,"L-galactose dehydrogenase activity","MF"
"1278","GO:0010355",1,0.985534580877225,0,1,"homogentisate farnesyltransferase activity","MF"
"1279","GO:0010356",1,0.985534580877225,0,1,"homogentisate geranylgeranyltransferase activity","MF"
"1280","GO:0010357",1,0.985534580877225,0,1,"homogentisate solanesyltransferase activity","MF"
"1281","GO:0010385",1,0.848324974033934,0,12,"double-stranded methylated DNA binding","MF"
"1282","GO:0010420",1,0.985197153483217,0,1,"polyprenyldihydroxybenzoate methyltransferase activity","MF"
"1283","GO:0010427",1,0.71116096792277,0,17,"abscisic acid binding","MF"
"1284","GO:0010428",1,0.922478778872605,0,6,"methyl-CpNpG binding","MF"
"1285","GO:0010429",1,0.922478778872605,0,6,"methyl-CpNpN binding","MF"
"1286","GO:0010436",1,0.913302652478243,0,6,"carotenoid dioxygenase activity","MF"
"1287","GO:0010471",1,0.985102171553355,0,1,"GDP-galactose:mannose-1-phosphate guanylyltransferase activity","MF"
"1288","GO:0010472",1,0.985102171553355,0,1,"GDP-galactose:glucose-1-phosphate guanylyltransferase activity","MF"
"1289","GO:0010473",1,0.985102171553355,0,1,"GDP-galactose:myoinositol-1-phosphate guanylyltransferase activity","MF"
"1290","GO:0010474",1,0.985102171553355,0,1,"glucose-1-phosphate guanylyltransferase (GDP) activity","MF"
"1291","GO:0010475",1,0.970526855128572,0,2,"galactose-1-phosphate guanylyltransferase (GDP) activity","MF"
"1292","GO:0010484",1,0.987145788921778,0,1,"H3 histone acetyltransferase activity","MF"
"1293","GO:0010485",1,0.956037890148473,0,3,"H4 histone acetyltransferase activity","MF"
"1294","GO:0010486",1,0.984869215599998,0,1,"manganese:proton antiporter activity","MF"
"1295","GO:0010487",1,0.969882552153669,0,2,"thermospermine synthase activity","MF"
"1296","GO:0010488",1,0.985823426664737,0,1,"UDP-galactose:N-glycan beta-1,3-galactosyltransferase activity","MF"
"1297","GO:0010489",1,0.968741358995947,0,2,"UDP-4-keto-6-deoxy-glucose-3,5-epimerase activity","MF"
"1298","GO:0010490",1,0.968741358995947,0,2,"UDP-4-keto-rhamnose-4-keto-reductase activity","MF"
"1299","GO:0010491",1,0.987097533365586,0,1,"UTP:arabinose-1-phosphate uridylyltransferase activity","MF"
"1300","GO:0010521",1,0.92807746411138,0,5,"telomerase inhibitor activity","MF"
"1301","GO:0010542",1,0.970081171515052,0,2,"nitrate efflux transmembrane transporter activity","MF"
"1302","GO:0010857",1,0.986828168598459,0,1,"calcium-dependent protein kinase activity","MF"
"1303","GO:0010945",1,0.894987624244014,0,6,"CoA pyrophosphatase activity","MF"
"1304","GO:0010997",1,0.909589206299137,0,6,"anaphase-promoting complex binding","MF"
"1305","GO:0015018",1,0.924786617329065,0,5,"galactosylgalactosylxylosylprotein 3-beta-glucuronosyltransferase activity","MF"
"1306","GO:0015026",1,0.932724628142858,0,5,"coreceptor activity","MF"
"1307","GO:0015035",1,0.202501451341321,0,76,"protein disulfide oxidoreductase activity","MF"
"1308","GO:0015036",1,0.95934865947961,0,3,"disulfide oxidoreductase activity","MF"
"1309","GO:0015038",1,0.929953504622749,0,4,"glutathione disulfide oxidoreductase activity","MF"
"1310","GO:0015039",1,0.946058030547249,0,4,"NADPH-adrenodoxin reductase activity","MF"
"1311","GO:0015075",1,0.962801790413242,0,3,"ion transmembrane transporter activity","MF"
"1312","GO:0015079",1,0.672519171642815,0,30,"potassium ion transmembrane transporter activity","MF"
"1313","GO:0015081",1,0.86109885720527,0,11,"sodium ion transmembrane transporter activity","MF"
"1314","GO:0015085",1,0.961866649522859,0,3,"calcium ion transmembrane transporter activity","MF"
"1315","GO:0015087",1,0.955874462327307,0,3,"cobalt ion transmembrane transporter activity","MF"
"1316","GO:0015089",1,0.915528106035331,0,3,"high-affinity copper ion transmembrane transporter activity","MF"
"1317","GO:0015095",1,0.623512293822671,0,31,"magnesium ion transmembrane transporter activity","MF"
"1318","GO:0015098",1,0.896405698201816,0,7,"molybdate ion transmembrane transporter activity","MF"
"1319","GO:0015099",1,0.908826305719286,0,6,"nickel cation transmembrane transporter activity","MF"
"1320","GO:0015103",1,0.806641983547215,0,14,"inorganic anion transmembrane transporter activity","MF"
"1321","GO:0015105",1,0.925208841167725,0,5,"arsenite transmembrane transporter activity","MF"
"1322","GO:0015108",1,0.920662471939319,0,6,"chloride transmembrane transporter activity","MF"
"1323","GO:0015112",1,0.789067267783664,0,15,"nitrate transmembrane transporter activity","MF"
"1324","GO:0015117",1,0.943354312401747,0,3,"thiosulfate transmembrane transporter activity","MF"
"1325","GO:0015120",1,0.913594398531644,0,6,"phosphoglycerate transmembrane transporter activity","MF"
"1326","GO:0015121",1,0.985362288370597,0,1,"phosphoenolpyruvate:phosphate antiporter activity","MF"
"1327","GO:0015129",1,0.959892953182761,0,2,"lactate transmembrane transporter activity","MF"
"1328","GO:0015131",1,0.901212984689885,0,6,"oxaloacetate transmembrane transporter activity","MF"
"1329","GO:0015136",1,0.921696415741454,0,6,"sialic acid transmembrane transporter activity","MF"
"1330","GO:0015137",1,0.971597625943349,0,2,"citrate transmembrane transporter activity","MF"
"1331","GO:0015139",1,0.969800630023151,0,2,"alpha-ketoglutarate transmembrane transporter activity","MF"
"1332","GO:0015140",1,0.875719162838862,0,8,"malate transmembrane transporter activity","MF"
"1333","GO:0015141",1,0.927134936231918,0,4,"succinate transmembrane transporter activity","MF"
"1334","GO:0015142",1,0.985104743323724,0,1,"tricarboxylic acid transmembrane transporter activity","MF"
"1335","GO:0015145",1,0.862284895905617,0,10,"monosaccharide transmembrane transporter activity","MF"
"1336","GO:0015148",1,0.984960362568887,0,1,"D-xylose transmembrane transporter activity","MF"
"1337","GO:0015152",1,0.985151642676648,0,1,"glucose-6-phosphate transmembrane transporter activity","MF"
"1338","GO:0015157",1,0.968341321675503,0,2,"oligosaccharide transmembrane transporter activity","MF"
"1339","GO:0015165",1,0.824490965632384,0,13,"pyrimidine nucleotide-sugar transmembrane transporter activity","MF"
"1340","GO:0015168",1,0.967141886064083,0,2,"glycerol transmembrane transporter activity","MF"
"1341","GO:0015169",1,0.982572201617474,0,1,"glycerol-3-phosphate transmembrane transporter activity","MF"
"1342","GO:0015172",1,0.957725108710652,0,3,"acidic amino acid transmembrane transporter activity","MF"
"1343","GO:0015173",1,0.95168755270827,0,3,"aromatic amino acid transmembrane transporter activity","MF"
"1344","GO:0015174",1,0.691299639802813,0,25,"basic amino acid transmembrane transporter activity","MF"
"1345","GO:0015175",1,0.896386052697998,0,7,"neutral amino acid transmembrane transporter activity","MF"
"1346","GO:0015180",1,0.941602460992119,0,4,"L-alanine transmembrane transporter activity","MF"
"1347","GO:0015181",1,0.8837760830345,0,8,"arginine transmembrane transporter activity","MF"
"1348","GO:0015183",1,0.98392916967436,0,1,"L-aspartate transmembrane transporter activity","MF"
"1349","GO:0015184",1,0.984436645076059,0,1,"L-cystine transmembrane transporter activity","MF"
"1350","GO:0015186",1,0.900064747898251,0,7,"L-glutamine transmembrane transporter activity","MF"
"1351","GO:0015189",1,0.8837760830345,0,8,"L-lysine transmembrane transporter activity","MF"
"1352","GO:0015193",1,0.900464031985143,0,7,"L-proline transmembrane transporter activity","MF"
"1353","GO:0015194",1,0.987013046014478,0,1,"L-serine transmembrane transporter activity","MF"
"1354","GO:0015200",1,0.961692567552405,0,2,"methylammonium transmembrane transporter activity","MF"
"1355","GO:0015203",1,0.908983043316079,0,6,"polyamine transmembrane transporter activity","MF"
"1356","GO:0015204",1,0.909817119173727,0,5,"urea transmembrane transporter activity","MF"
"1357","GO:0015205",1,0.98417286429387,0,1,"nucleobase transmembrane transporter activity","MF"
"1358","GO:0015207",1,0.935918144111213,0,5,"adenine transmembrane transporter activity","MF"
"1359","GO:0015208",1,0.935918144111213,0,5,"guanine transmembrane transporter activity","MF"
"1360","GO:0015210",1,0.836392565521644,0,12,"uracil transmembrane transporter activity","MF"
"1361","GO:0015211",1,0.985096176043798,0,1,"purine nucleoside transmembrane transporter activity","MF"
"1362","GO:0015215",1,0.984259286721363,0,1,"nucleotide transmembrane transporter activity","MF"
"1363","GO:0015217",1,0.89790846750645,0,7,"ADP transmembrane transporter activity","MF"
"1364","GO:0015220",1,0.985895874017583,0,1,"choline transmembrane transporter activity","MF"
"1365","GO:0015226",1,0.98389075902035,0,1,"carnitine transmembrane transporter activity","MF"
"1366","GO:0015228",1,0.940841599459274,0,4,"coenzyme A transmembrane transporter activity","MF"
"1367","GO:0015229",1,0.986008851897127,0,1,"L-ascorbic acid transmembrane transporter activity","MF"
"1368","GO:0015230",1,0.98491145856836,0,1,"FAD transmembrane transporter activity","MF"
"1369","GO:0015231",1,0.970646334066171,0,2,"5-formyltetrahydrofolate transmembrane transporter activity","MF"
"1370","GO:0015232",1,0.919493643098777,0,3,"heme transporter activity","MF"
"1371","GO:0015233",1,0.984582899339723,0,1,"pantothenate transmembrane transporter activity","MF"
"1372","GO:0015234",1,0.985278594308968,0,1,"thiamine transmembrane transporter activity","MF"
"1373","GO:0015238",1,0.446054035982803,0,55,"drug transmembrane transporter activity","MF"
"1374","GO:0015245",1,0.971309058059406,0,2,"fatty acid transmembrane transporter activity","MF"
"1375","GO:0015247",1,0.898243404291297,0,7,"aminophospholipid transmembrane transporter activity","MF"
"1376","GO:0015248",1,0.685536918903313,0,28,"sterol transporter activity","MF"
"1377","GO:0015252",1,0.971124902058322,0,1,"proton channel activity","MF"
"1378","GO:0015269",1,0.965108535737004,0,2,"calcium-activated potassium channel activity","MF"
"1379","GO:0015271",1,0.858008013422361,0,10,"outward rectifier potassium channel activity","MF"
"1380","GO:0015284",1,0.985561963808633,0,1,"fructose uniporter activity","MF"
"1381","GO:0015288",1,0.790120208883052,0,15,"porin activity","MF"
"1382","GO:0015292",1,0.874274421868156,0,8,"uniporter activity","MF"
"1383","GO:0015294",1,0.935918144111213,0,5,"solute:cation symporter activity","MF"
"1384","GO:0015299",1,0.816257589088031,0,15,"solute:proton antiporter activity","MF"
"1385","GO:0015333",1,0.511571347082293,0,45,"peptide:proton symporter activity","MF"
"1386","GO:0015334",1,0.984916767212511,0,1,"high-affinity oligopeptide transmembrane transporter activity","MF"
"1387","GO:0015350",1,0.970646334066171,0,2,"methotrexate transmembrane transporter activity","MF"
"1388","GO:0015367",1,0.926936423931021,0,5,"oxoglutarate:malate antiporter activity","MF"
"1389","GO:0015370",1,0.987642511971366,0,1,"solute:sodium symporter activity","MF"
"1390","GO:0015377",1,0.963809856110517,0,3,"cation:chloride symporter activity","MF"
"1391","GO:0015379",1,0.963809856110517,0,3,"potassium:chloride symporter activity","MF"
"1392","GO:0015385",1,0.751885298129843,0,21,"sodium:proton antiporter activity","MF"
"1393","GO:0015386",1,0.754257743010621,0,22,"potassium:proton antiporter activity","MF"
"1394","GO:0015391",1,0.954989122923861,0,3,"nucleobase:cation symporter activity","MF"
"1395","GO:0015398",1,0.98546679789209,0,1,"high-affinity secondary active ammonium transmembrane transporter activity","MF"
"1396","GO:0015399",1,0.985079912569414,0,1,"primary active transmembrane transporter activity","MF"
"1397","GO:0015410",1,0.98817966998648,0,1,"manganese-transporting ATPase activity","MF"
"1398","GO:0015415",1,0.985514332072633,0,1,"ATPase-coupled phosphate ion transmembrane transporter activity","MF"
"1399","GO:0015431",1,0.963800255020496,0,3,"glutathione S-conjugate-exporting ATPase activity","MF"
"1400","GO:0015434",1,0.939938843788152,0,5,"cadmium-transporting ATPase activity","MF"
"1401","GO:0015446",1,0.962308793435581,0,3,"ATPase-coupled arsenite transmembrane transporter activity","MF"
"1402","GO:0015450",1,0.355444484934183,0,53,"P-P-bond-hydrolysis-driven protein transmembrane transporter activity","MF"
"1403","GO:0015453",1,0.980002195142365,0,1,"oxidoreduction-driven active transmembrane transporter activity","MF"
"1404","GO:0015462",1,0.973873226565131,0,2,"ATPase-coupled protein transmembrane transporter activity","MF"
"1405","GO:0015485",1,0.9849814310394,0,1,"cholesterol binding","MF"
"1406","GO:0015505",1,0.923568733456688,0,5,"uracil:cation symporter activity","MF"
"1407","GO:0015575",1,0.984960362568887,0,1,"mannitol transmembrane transporter activity","MF"
"1408","GO:0015576",1,0.984960362568887,0,1,"sorbitol transmembrane transporter activity","MF"
"1409","GO:0015578",1,0.982547595260118,0,1,"mannose transmembrane transporter activity","MF"
"1410","GO:0015591",1,0.984960362568887,0,1,"D-ribose transmembrane transporter activity","MF"
"1411","GO:0015616",1,0.987815112877817,0,1,"DNA translocase activity","MF"
"1412","GO:0015631",1,0.782457297879272,0,18,"tubulin binding","MF"
"1413","GO:0015633",1,0.987552204420726,0,1,"zinc-transporting ATPase activity","MF"
"1414","GO:0015662",1,0.689759487406258,0,29,"ATPase activity, coupled to transmembrane movement of ions, phosphorylative mechanism","MF"
"1415","GO:0015926",1,0.987114266552326,0,1,"glucosidase activity","MF"
"1416","GO:0015927",1,0.970298080127615,0,2,"trehalase activity","MF"
"1417","GO:0015928",1,0.985767319777564,0,1,"fucosidase activity","MF"
"1418","GO:0015929",1,0.960080789527952,0,3,"hexosaminidase activity","MF"
"1419","GO:0016002",1,0.98719055635575,0,1,"sulfite reductase activity","MF"
"1420","GO:0016004",1,0.894214842748916,0,7,"phospholipase activator activity","MF"
"1421","GO:0016018",1,0.686471589668957,0,21,"cyclosporin A binding","MF"
"1422","GO:0016034",1,0.906733745210671,0,6,"maleylacetoacetate isomerase activity","MF"
"1423","GO:0016040",1,0.964687518550682,0,3,"glutamate synthase (NADH) activity","MF"
"1424","GO:0016041",1,0.9763193033395,0,2,"glutamate synthase (ferredoxin) activity","MF"
"1425","GO:0016157",1,0.877906863626337,0,10,"sucrose synthase activity","MF"
"1426","GO:0016161",1,0.888395926048648,0,8,"beta-amylase activity","MF"
"1427","GO:0016165",1,0.962270247004977,0,3,"linoleate 13S-lipoxygenase activity","MF"
"1428","GO:0016166",1,0.987520629412543,0,1,"phytoene dehydrogenase activity","MF"
"1429","GO:0016207",1,0.737281577657074,0,21,"4-coumarate-CoA ligase activity","MF"
"1430","GO:0016208",1,0.821781848773807,0,14,"AMP binding","MF"
"1431","GO:0016209",1,0.765105100024771,0,14,"antioxidant activity","MF"
"1432","GO:0016210",1,0.98269262568515,0,1,"naringenin-chalcone synthase activity","MF"
"1433","GO:0016212",1,0.984436645076059,0,1,"kynurenine-oxoglutarate transaminase activity","MF"
"1434","GO:0016229",1,0.936407657867051,0,4,"steroid dehydrogenase activity","MF"
"1435","GO:0016247",1,0.986982065927957,0,1,"channel regulator activity","MF"
"1436","GO:0016262",1,0.949538582209339,0,4,"protein N-acetylglucosaminyltransferase activity","MF"
"1437","GO:0016274",1,0.930929366812209,0,4,"protein-arginine N-methyltransferase activity","MF"
"1438","GO:0016277",1,0.933983914867325,0,5,"[myelin basic protein]-arginine N-methyltransferase activity","MF"
"1439","GO:0016279",1,0.815019895908085,0,14,"protein-lysine N-methyltransferase activity","MF"
"1440","GO:0016289",1,0.934634527023169,0,3,"CoA hydrolase activity","MF"
"1441","GO:0016295",1,0.932947199959223,0,4,"myristoyl-[acyl-carrier-protein] hydrolase activity","MF"
"1442","GO:0016296",1,0.932947199959223,0,4,"palmitoyl-[acyl-carrier-protein] hydrolase activity","MF"
"1443","GO:0016297",1,0.911506339705768,0,6,"acyl-[acyl-carrier-protein] hydrolase activity","MF"
"1444","GO:0016298",1,0.510142897221361,0,43,"lipase activity","MF"
"1445","GO:0016300",1,0.982632954315092,0,1,"tRNA (uracil) methyltransferase activity","MF"
"1446","GO:0016303",1,0.976110785973283,0,2,"1-phosphatidylinositol-3-kinase activity","MF"
"1447","GO:0016307",1,0.986988329075684,0,1,"phosphatidylinositol phosphate kinase activity","MF"
"1448","GO:0016308",1,0.719412656635694,0,26,"1-phosphatidylinositol-4-phosphate 5-kinase activity","MF"
"1449","GO:0016312",1,0.967076613529521,0,2,"inositol bisphosphate phosphatase activity","MF"
"1450","GO:0016314",1,0.974458125755473,0,2,"phosphatidylinositol-3,4,5-trisphosphate 3-phosphatase activity","MF"
"1451","GO:0016405",1,0.985202819900322,0,1,"CoA-ligase activity","MF"
"1452","GO:0016407",1,0.757673850505157,0,20,"acetyltransferase activity","MF"
"1453","GO:0016410",1,0.940118315021466,0,2,"N-acyltransferase activity","MF"
"1454","GO:0016413",1,0.423930390611819,0,55,"O-acetyltransferase activity","MF"
"1455","GO:0016417",1,0.987668347621513,0,1,"S-acyltransferase activity","MF"
"1456","GO:0016422",1,0.984293662354175,0,1,"mRNA (2'-O-methyladenosine-N6-)-methyltransferase activity","MF"
"1457","GO:0016428",1,0.987133959805673,0,1,"tRNA (cytosine-5-)-methyltransferase activity","MF"
"1458","GO:0016429",1,0.970104937526492,0,2,"tRNA (adenine-N1-)-methyltransferase activity","MF"
"1459","GO:0016430",1,0.982157037220026,0,1,"tRNA (adenine-N6-)-methyltransferase activity","MF"
"1460","GO:0016435",1,0.971837814831687,0,2,"rRNA (guanine) methyltransferase activity","MF"
"1461","GO:0016462",1,0.831240957681915,0,12,"pyrophosphatase activity","MF"
"1462","GO:0016464",1,0.913830896858683,0,7,"chloroplast protein-transporting ATPase activity","MF"
"1463","GO:0016504",1,0.98814715614518,0,1,"peptidase activator activity","MF"
"1464","GO:0016508",1,0.987463883419472,0,1,"long-chain-enoyl-CoA hydratase activity","MF"
"1465","GO:0016530",1,0.98553186651558,0,1,"metallochaperone activity","MF"
"1466","GO:0016531",1,0.84299818868083,0,9,"copper chaperone activity","MF"
"1467","GO:0016594",1,0.9754248445995,0,2,"glycine binding","MF"
"1468","GO:0016595",1,0.961429539712451,0,2,"glutamate binding","MF"
"1469","GO:0016597",1,0.596555450396126,0,35,"amino acid binding","MF"
"1470","GO:0016603",1,0.925306837489136,0,5,"glutaminyl-peptide cyclotransferase activity","MF"
"1471","GO:0016614",1,0.892495327294897,0,7,"oxidoreductase activity, acting on CH-OH group of donors","MF"
"1472","GO:0016615",1,0.879796431517718,0,8,"malate dehydrogenase activity","MF"
"1473","GO:0016618",1,0.922899430353723,0,4,"hydroxypyruvate reductase activity","MF"
"1474","GO:0016620",1,0.765603841293356,0,18,"oxidoreductase activity, acting on the aldehyde or oxo group of donors, NAD or NADP as acceptor","MF"
"1475","GO:0016627",1,0.808381905703524,0,14,"oxidoreductase activity, acting on the CH-CH group of donors","MF"
"1476","GO:0016628",1,0.915694012928555,0,6,"oxidoreductase activity, acting on the CH-CH group of donors, NAD or NADP as acceptor","MF"
"1477","GO:0016629",1,0.908939462889361,0,6,"12-oxophytodienoate reductase activity","MF"
"1478","GO:0016630",1,0.950550917732358,0,3,"protochlorophyllide reductase activity","MF"
"1479","GO:0016631",1,0.970817695631553,0,2,"enoyl-[acyl-carrier-protein] reductase activity","MF"
"1480","GO:0016633",1,0.971736966052685,0,2,"galactonolactone dehydrogenase activity","MF"
"1481","GO:0016636",1,0.983688213496991,0,1,"oxidoreductase activity, acting on the CH-CH group of donors, iron-sulfur protein as acceptor","MF"
"1482","GO:0016639",1,0.963836604693117,0,2,"oxidoreductase activity, acting on the CH-NH2 group of donors, NAD or NADP as acceptor","MF"
"1483","GO:0016651",1,0.86671767706698,0,7,"oxidoreductase activity, acting on NAD(P)H","MF"
"1484","GO:0016652",1,0.899885552187402,0,8,"oxidoreductase activity, acting on NAD(P)H, NAD(P) as acceptor","MF"
"1485","GO:0016653",1,0.984898491039663,0,1,"oxidoreductase activity, acting on NAD(P)H, heme protein as acceptor","MF"
"1486","GO:0016655",1,0.907300960285188,0,5,"oxidoreductase activity, acting on NAD(P)H, quinone or similar compound as acceptor","MF"
"1487","GO:0016656",1,0.881127764867284,0,9,"monodehydroascorbate reductase (NADH) activity","MF"
"1488","GO:0016657",1,0.969853174320027,0,2,"oxidoreductase activity, acting on NAD(P)H, nitrogenous group as acceptor","MF"
"1489","GO:0016667",1,0.938134321494864,0,3,"oxidoreductase activity, acting on a sulfur group of donors","MF"
"1490","GO:0016671",1,0.58578905580812,0,29,"oxidoreductase activity, acting on a sulfur group of donors, disulfide as acceptor","MF"
"1491","GO:0016682",1,0.968815306119379,0,2,"oxidoreductase activity, acting on diphenols and related substances as donors, oxygen as acceptor","MF"
"1492","GO:0016688",1,0.793744061883535,0,15,"L-ascorbate peroxidase activity","MF"
"1493","GO:0016701",1,0.979531321283973,0,1,"oxidoreductase activity, acting on single donors with incorporation of molecular oxygen","MF"
"1494","GO:0016707",1,0.967018997124219,0,2,"gibberellin 3-beta-dioxygenase activity","MF"
"1495","GO:0016710",1,0.984718725543122,0,1,"trans-cinnamate 4-monooxygenase activity","MF"
"1496","GO:0016711",1,0.985157858517435,0,1,"flavonoid 3'-monooxygenase activity","MF"
"1497","GO:0016717",1,0.869170647976288,0,9,"oxidoreductase activity, acting on paired donors, with oxidation of a pair of donors resulting in the reduction of molecular oxygen to two molecules of water","MF"
"1498","GO:0016719",1,0.986566541833514,0,1,"carotene 7,8-desaturase activity","MF"
"1499","GO:0016720",1,0.969506688033885,0,2,"delta12-fatty acid dehydrogenase activity","MF"
"1500","GO:0016730",1,0.939031943910699,0,4,"oxidoreductase activity, acting on iron-sulfur proteins as donors","MF"
"1501","GO:0016731",1,0.946058030547249,0,4,"oxidoreductase activity, acting on iron-sulfur proteins as donors, NAD or NADP as acceptor","MF"
"1502","GO:0016742",1,0.922832825405901,0,5,"hydroxymethyl-, formyl- and related transferase activity","MF"
"1503","GO:0016743",1,0.954930919193938,0,3,"carboxyl- or carbamoyltransferase activity","MF"
"1504","GO:0016747",1,0.344774248253546,0,60,"transferase activity, transferring acyl groups other than amino-acyl groups","MF"
"1505","GO:0016754",1,0.974308977673431,0,2,"sinapoylglucose-malate O-sinapoyltransferase activity","MF"
"1506","GO:0016759",1,0.616255752041877,0,36,"cellulose synthase activity","MF"
"1507","GO:0016760",1,0.720982084374037,0,25,"cellulose synthase (UDP-forming) activity","MF"
"1508","GO:0016763",1,0.985054971984808,0,1,"transferase activity, transferring pentosyl groups","MF"
"1509","GO:0016765",1,0.883083284691144,0,8,"transferase activity, transferring alkyl or aryl (other than methyl) groups","MF"
"1510","GO:0016767",1,0.971366147481795,0,2,"geranylgeranyl-diphosphate geranylgeranyltransferase activity","MF"
"1511","GO:0016768",1,0.941612449357009,0,4,"spermine synthase activity","MF"
"1512","GO:0016772",1,0.907516537150555,0,6,"transferase activity, transferring phosphorus-containing groups","MF"
"1513","GO:0016773",1,0.905994135342003,0,7,"phosphotransferase activity, alcohol group as acceptor","MF"
"1514","GO:0016776",1,0.967178771748645,0,2,"phosphotransferase activity, phosphate group as acceptor","MF"
"1515","GO:0016780",1,0.917788705362874,0,6,"phosphotransferase activity, for other substituted phosphate groups","MF"
"1516","GO:0016783",1,0.944281380735863,0,4,"sulfurtransferase activity","MF"
"1517","GO:0016784",1,0.930143842851234,0,5,"3-mercaptopyruvate sulfurtransferase activity","MF"
"1518","GO:0016791",1,0.514181497494696,0,41,"phosphatase activity","MF"
"1519","GO:0016799",1,0.781753012023412,0,16,"hydrolase activity, hydrolyzing N-glycosyl compounds","MF"
"1520","GO:0016805",1,0.91535618267863,0,6,"dipeptidase activity","MF"
"1521","GO:0016807",1,0.961330250454363,0,3,"cysteine-type carboxypeptidase activity","MF"
"1522","GO:0016811",1,0.834251921985175,0,12,"hydrolase activity, acting on carbon-nitrogen (but not peptide) bonds, in linear amides","MF"
"1523","GO:0016813",1,0.98588811120614,0,1,"hydrolase activity, acting on carbon-nitrogen (but not peptide) bonds, in linear amidines","MF"
"1524","GO:0016817",1,0.961717105259384,0,3,"hydrolase activity, acting on acid anhydrides","MF"
"1525","GO:0016818",1,0.96296183300251,0,3,"hydrolase activity, acting on acid anhydrides, in phosphorus-containing anhydrides","MF"
"1526","GO:0016830",1,0.956196651897023,0,3,"carbon-carbon lyase activity","MF"
"1527","GO:0016831",1,0.847334948577137,0,11,"carboxy-lyase activity","MF"
"1528","GO:0016832",1,0.835913584261344,0,10,"aldehyde-lyase activity","MF"
"1529","GO:0016833",1,0.987324971156646,0,1,"oxo-acid-lyase activity","MF"
"1530","GO:0016836",1,0.893085363067319,0,6,"hydro-lyase activity","MF"
"1531","GO:0016843",1,0.901280663391846,0,5,"amine-lyase activity","MF"
"1532","GO:0016844",1,0.766925436203713,0,16,"strictosidine synthase activity","MF"
"1533","GO:0016846",1,0.806670843888222,0,13,"carbon-sulfur lyase activity","MF"
"1534","GO:0016851",1,0.925926027775146,0,5,"magnesium chelatase activity","MF"
"1535","GO:0016852",1,0.965998158973138,0,2,"sirohydrochlorin cobaltochelatase activity","MF"
"1536","GO:0016855",1,0.984976706525772,0,1,"racemase and epimerase activity, acting on amino acids and derivatives","MF"
"1537","GO:0016857",1,0.947417868868725,0,3,"racemase and epimerase activity, acting on carbohydrates and derivatives","MF"
"1538","GO:0016868",1,0.937872762821268,0,5,"intramolecular transferase activity, phosphotransferases","MF"
"1539","GO:0016871",1,0.975826758362783,0,2,"cycloartenol synthase activity","MF"
"1540","GO:0016872",1,0.93413301219397,0,4,"intramolecular lyase activity","MF"
"1541","GO:0016881",1,0.7349561109412,0,20,"acid-amino acid ligase activity","MF"
"1542","GO:0016888",1,0.950448283707335,0,3,"endodeoxyribonuclease activity, producing 5'-phosphomonoesters","MF"
"1543","GO:0016889",1,0.953789999030005,0,3,"endodeoxyribonuclease activity, producing 3'-phosphomonoesters","MF"
"1544","GO:0016891",1,0.911256239842038,0,6,"endoribonuclease activity, producing 5'-phosphomonoesters","MF"
"1545","GO:0016899",1,0.952072949677542,0,3,"oxidoreductase activity, acting on the CH-OH group of donors, oxygen as acceptor","MF"
"1546","GO:0016906",1,0.913390688449975,0,7,"sterol 3-beta-glucosyltransferase activity","MF"
"1547","GO:0016920",1,0.902323170038274,0,6,"pyroglutamyl-peptidase activity","MF"
"1548","GO:0016971",1,0.915337989461028,0,6,"flavin-linked sulfhydryl oxidase activity","MF"
"1549","GO:0016972",1,0.956803844688506,0,3,"thiol oxidase activity","MF"
"1550","GO:0016984",1,0.918084673814041,0,4,"ribulose-bisphosphate carboxylase activity","MF"
"1551","GO:0016985",1,0.911315068887948,0,6,"mannan endo-1,4-beta-mannosidase activity","MF"
"1552","GO:0016987",1,0.903367444681263,0,7,"sigma factor activity","MF"
"1553","GO:0016992",1,0.929035127713214,0,4,"lipoate synthase activity","MF"
"1554","GO:0017005",1,0.986315337179426,0,1,"3'-tyrosyl-DNA phosphodiesterase activity","MF"
"1555","GO:0017017",1,0.986754466156666,0,1,"MAP kinase tyrosine/serine/threonine phosphatase activity","MF"
"1556","GO:0017022",1,0.941441613410618,0,4,"myosin binding","MF"
"1557","GO:0017040",1,0.932307068364165,0,5,"N-acylsphingosine amidohydrolase activity","MF"
"1558","GO:0017046",1,0.973843225131365,0,2,"peptide hormone binding","MF"
"1559","GO:0017048",1,0.964038134134463,0,3,"Rho GTPase binding","MF"
"1560","GO:0017049",1,0.9642095077937,0,3,"GTP-Rho binding","MF"
"1561","GO:0017050",1,0.882291296985302,0,9,"D-erythro-sphingosine kinase activity","MF"
"1562","GO:0017056",1,0.642542108743311,0,34,"structural constituent of nuclear pore","MF"
"1563","GO:0017057",1,0.925764889669619,0,4,"6-phosphogluconolactonase activity","MF"
"1564","GO:0017069",1,0.984757186330601,0,1,"snRNA binding","MF"
"1565","GO:0017070",1,0.875087493193765,0,8,"U6 snRNA binding","MF"
"1566","GO:0017076",1,0.956992031883889,0,3,"purine nucleotide binding","MF"
"1567","GO:0017077",1,0.909015621269508,0,6,"oxidative phosphorylation uncoupler activity","MF"
"1568","GO:0017083",1,0.985179527842235,0,1,"4-galactosyl-N-acetylglucosaminide 3-alpha-L-fucosyltransferase activity","MF"
"1569","GO:0017084",1,0.975402764237736,0,2,"delta1-pyrroline-5-carboxylate synthetase activity","MF"
"1570","GO:0017091",1,0.839046298514444,0,11,"AU-rich element binding","MF"
"1571","GO:0017095",1,0.972930586493035,0,2,"heparan sulfate 6-O-sulfotransferase activity","MF"
"1572","GO:0017096",1,0.969501244560732,0,2,"acetylserotonin O-methyltransferase activity","MF"
"1573","GO:0017103",1,0.987097533365586,0,1,"UTP:galactose-1-phosphate uridylyltransferase activity","MF"
"1574","GO:0017108",1,0.794316015279076,0,17,"5'-flap endonuclease activity","MF"
"1575","GO:0017110",1,0.915454430916796,0,6,"nucleoside-diphosphatase activity","MF"
"1576","GO:0017112",1,0.876851531646579,0,8,"Rab guanyl-nucleotide exchange factor activity","MF"
"1577","GO:0017113",1,0.985061879102533,0,1,"dihydropyrimidine dehydrogenase (NADP+) activity","MF"
"1578","GO:0017118",1,0.933323523926242,0,3,"lipoyltransferase activity","MF"
"1579","GO:0017128",1,0.987452731080228,0,1,"phospholipid scramblase activity","MF"
"1580","GO:0017137",1,0.5166557002245,0,47,"Rab GTPase binding","MF"
"1581","GO:0017150",1,0.927707488457434,0,5,"tRNA dihydrouridine synthase activity","MF"
"1582","GO:0017151",1,0.972865332119827,0,2,"DEAD/H-box RNA helicase binding","MF"
"1583","GO:0017153",1,0.986445290048975,0,1,"sodium:dicarboxylate symporter activity","MF"
"1584","GO:0017168",1,0.987498671256935,0,1,"5-oxoprolinase (ATP-hydrolyzing) activity","MF"
"1585","GO:0017169",1,0.967992578371577,0,2,"CDP-alcohol phosphatidyltransferase activity","MF"
"1586","GO:0017176",1,0.823654755985736,0,10,"phosphatidylinositol N-acetylglucosaminyltransferase activity","MF"
"1587","GO:0017178",1,0.986670910538775,0,1,"diphthine-ammonia ligase activity","MF"
"1588","GO:0018024",1,0.637311746242183,0,32,"histone-lysine N-methyltransferase activity","MF"
"1589","GO:0018025",1,0.984680876559879,0,1,"calmodulin-lysine N-methyltransferase activity","MF"
"1590","GO:0018114",1,0.983271222033813,0,1,"threonine racemase activity","MF"
"1591","GO:0018454",1,0.984925150373025,0,1,"acetoacetyl-CoA reductase activity","MF"
"1592","GO:0018478",1,0.974626101755139,0,2,"malonate-semialdehyde dehydrogenase (acetylating) activity","MF"
"1593","GO:0018479",1,0.987794327700829,0,1,"benzaldehyde dehydrogenase (NAD+) activity","MF"
"1594","GO:0018488",1,0.987794327700829,0,1,"aryl-aldehyde oxidase activity","MF"
"1595","GO:0018580",1,0.965119305175103,0,2,"nitronate monooxygenase activity","MF"
"1596","GO:0018685",1,0.925205431986214,0,5,"alkane 1-monooxygenase activity","MF"
"1597","GO:0018708",1,0.939162563185916,0,4,"thiol S-methyltransferase activity","MF"
"1598","GO:0018738",1,0.984684120699728,0,1,"S-formylglutathione hydrolase activity","MF"
"1599","GO:0018822",1,0.985184121969408,0,1,"nitrile hydratase activity","MF"
"1600","GO:0018826",1,0.983518132745131,0,1,"methionine gamma-lyase activity","MF"
"1601","GO:0019003",1,0.912301235417646,0,6,"GDP binding","MF"
"1602","GO:0019104",1,0.909531207345875,0,7,"DNA N-glycosylase activity","MF"
"1603","GO:0019107",1,0.98461773933262,0,1,"myristoyltransferase activity","MF"
"1604","GO:0019133",1,0.984261969421541,0,1,"choline monooxygenase activity","MF"
"1605","GO:0019136",1,0.984874977393066,0,1,"deoxynucleoside kinase activity","MF"
"1606","GO:0019137",1,0.943535060072152,0,4,"thioglucosidase activity","MF"
"1607","GO:0019139",1,0.878176478477758,0,9,"cytokinin dehydrogenase activity","MF"
"1608","GO:0019144",1,0.983434300536977,0,1,"ADP-sugar diphosphatase activity","MF"
"1609","GO:0019146",1,0.981754767981084,0,1,"arabinose-5-phosphate isomerase activity","MF"
"1610","GO:0019148",1,0.94087634168162,0,4,"D-cysteine desulfhydrase activity","MF"
"1611","GO:0019150",1,0.985041063250292,0,1,"D-ribulokinase activity","MF"
"1612","GO:0019154",1,0.987731737151512,0,1,"glycolate dehydrogenase activity","MF"
"1613","GO:0019156",1,0.950104203159134,0,4,"isoamylase activity","MF"
"1614","GO:0019158",1,0.892617083658564,0,8,"mannokinase activity","MF"
"1615","GO:0019166",1,0.954255890621494,0,3,"trans-2-enoyl-CoA reductase (NADPH) activity","MF"
"1616","GO:0019171",1,0.947306948065956,0,3,"3-hydroxyacyl-[acyl-carrier-protein] dehydratase activity","MF"
"1617","GO:0019172",1,0.926020815699923,0,5,"glyoxalase III activity","MF"
"1618","GO:0019177",1,0.973663415677144,0,1,"dihydroneopterin triphosphate pyrophosphohydrolase activity","MF"
"1619","GO:0019199",1,0.935647535894294,0,5,"transmembrane receptor protein kinase activity","MF"
"1620","GO:0019200",1,0.756010053084313,0,17,"carbohydrate kinase activity","MF"
"1621","GO:0019203",1,0.952818557537977,0,3,"carbohydrate phosphatase activity","MF"
"1622","GO:0019207",1,0.968780507860804,0,2,"kinase regulator activity","MF"
"1623","GO:0019211",1,0.984441134843802,0,1,"phosphatase activator activity","MF"
"1624","GO:0019212",1,0.984597776827777,0,1,"phosphatase inhibitor activity","MF"
"1625","GO:0019237",1,0.987247313902111,0,1,"centromeric DNA binding","MF"
"1626","GO:0019239",1,0.968617906691774,0,2,"deaminase activity","MF"
"1627","GO:0019707",1,0.969568581898232,0,2,"protein-cysteine S-acyltransferase activity","MF"
"1628","GO:0019776",1,0.865985732398343,0,8,"Atg8 ligase activity","MF"
"1629","GO:0019778",1,0.985948967625585,0,1,"Atg12 activating enzyme activity","MF"
"1630","GO:0019779",1,0.929034641626338,0,4,"Atg8 activating enzyme activity","MF"
"1631","GO:0019781",1,0.944249347442289,0,4,"NEDD8 activating enzyme activity","MF"
"1632","GO:0019784",1,0.925128128023451,0,5,"NEDD8-specific protease activity","MF"
"1633","GO:0019786",1,0.94227622765638,0,3,"Atg8-specific protease activity","MF"
"1634","GO:0019787",1,0.950589090616519,0,3,"ubiquitin-like protein transferase activity","MF"
"1635","GO:0019788",1,0.934003150061166,0,4,"NEDD8 transferase activity","MF"
"1636","GO:0019789",1,0.888100158993629,0,9,"SUMO transferase activity","MF"
"1637","GO:0019808",1,0.985123678021722,0,1,"polyamine binding","MF"
"1638","GO:0019829",1,0.920393469834706,0,6,"cation-transporting ATPase activity","MF"
"1639","GO:0019843",1,0.190772064588358,0,84,"rRNA binding","MF"
"1640","GO:0019887",1,0.693618876311618,0,23,"protein kinase regulator activity","MF"
"1641","GO:0019894",1,0.976081245742355,0,2,"kinesin binding","MF"
"1642","GO:0019899",1,0.721208431556013,0,20,"enzyme binding","MF"
"1643","GO:0019900",1,0.398373925328925,0,56,"kinase binding","MF"
"1644","GO:0019901",1,0.185358336546015,0,109,"protein kinase binding","MF"
"1645","GO:0019902",1,0.923132883426086,0,5,"phosphatase binding","MF"
"1646","GO:0019903",1,0.884707490014898,0,9,"protein phosphatase binding","MF"
"1647","GO:0019905",1,0.910393931429144,0,7,"syntaxin binding","MF"
"1648","GO:0019912",1,0.954868149580802,0,3,"cyclin-dependent protein kinase activating kinase activity","MF"
"1649","GO:0019948",1,0.944369158663316,0,4,"SUMO activating enzyme activity","MF"
"1650","GO:0019992",1,0.984964249001719,0,1,"diacylglycerol binding","MF"
"1651","GO:0022821",1,0.897397281326193,0,8,"potassium ion antiporter activity","MF"
"1652","GO:0022841",1,0.902975205976547,0,6,"potassium ion leak channel activity","MF"
"1653","GO:0022883",1,0.9717714099605,0,2,"zinc efflux transmembrane transporter activity","MF"
"1654","GO:0022890",1,0.962976910668062,0,2,"inorganic cation transmembrane transporter activity","MF"
"1655","GO:0030060",1,0.866511437840484,0,9,"L-malate dehydrogenase activity","MF"
"1656","GO:0030151",1,0.866215956181349,0,10,"molybdenum ion binding","MF"
"1657","GO:0030267",1,0.86500211519537,0,8,"glyoxylate reductase (NADP) activity","MF"
"1658","GO:0030275",1,0.9511077429728,0,4,"LRR domain binding","MF"
"1659","GO:0030276",1,0.531915234408167,0,48,"clathrin binding","MF"
"1660","GO:0030295",1,0.843519255213984,0,8,"protein kinase activator activity","MF"
"1661","GO:0030332",1,0.851291966839772,0,9,"cyclin binding","MF"
"1662","GO:0030337",1,0.964011718316483,0,2,"DNA polymerase processivity factor activity","MF"
"1663","GO:0030366",1,0.962849503800512,0,2,"molybdopterin synthase activity","MF"
"1664","GO:0030371",1,0.972812616292345,0,2,"translation repressor activity","MF"
"1665","GO:0030374",1,0.975981459019351,0,2,"nuclear receptor transcription coactivator activity","MF"
"1666","GO:0030378",1,0.983271222033813,0,1,"serine racemase activity","MF"
"1667","GO:0030385",1,0.916489091788206,0,4,"ferredoxin:thioredoxin reductase activity","MF"
"1668","GO:0030410",1,0.939223710391333,0,3,"nicotianamine synthase activity","MF"
"1669","GO:0030414",1,0.884917112582224,0,5,"peptidase inhibitor activity","MF"
"1670","GO:0030504",1,0.970485506915388,0,2,"inorganic diphosphate transmembrane transporter activity","MF"
"1671","GO:0030515",1,0.809176281471479,0,13,"snoRNA binding","MF"
"1672","GO:0030527",1,0.832169862553958,0,10,"structural constituent of chromatin","MF"
"1673","GO:0030544",1,0.891238652470768,0,7,"Hsp70 protein binding","MF"
"1674","GO:0030551",1,0.598397907302523,0,37,"cyclic nucleotide binding","MF"
"1675","GO:0030552",1,0.661952379644116,0,29,"cAMP binding","MF"
"1676","GO:0030553",1,0.661952379644116,0,29,"cGMP binding","MF"
"1677","GO:0030572",1,0.916739291213077,0,6,"phosphatidyltransferase activity","MF"
"1678","GO:0030598",1,0.968796664405406,0,2,"rRNA N-glycosylase activity","MF"
"1679","GO:0030604",1,0.971596893844582,0,2,"1-deoxy-D-xylulose-5-phosphate reductoisomerase activity","MF"
"1680","GO:0030611",1,0.960708960704485,0,2,"arsenate reductase activity","MF"
"1681","GO:0030619",1,0.919018412031747,0,6,"U1 snRNA binding","MF"
"1682","GO:0030620",1,0.962536698304972,0,3,"U2 snRNA binding","MF"
"1683","GO:0030621",1,0.985755309667171,0,1,"U4 snRNA binding","MF"
"1684","GO:0030623",1,0.952184723912221,0,4,"U5 snRNA binding","MF"
"1685","GO:0030626",1,0.970546562377802,0,2,"U12 snRNA binding","MF"
"1686","GO:0030627",1,0.946452300630998,0,4,"pre-mRNA 5'-splice site binding","MF"
"1687","GO:0030628",1,0.841866772697145,0,12,"pre-mRNA 3'-splice site binding","MF"
"1688","GO:0030696",1,0.98628340901395,0,1,"tRNA (m5U54) methyltransferase activity","MF"
"1689","GO:0030732",1,0.987900215309042,0,1,"methionine S-methyltransferase activity","MF"
"1690","GO:0030742",1,0.942679716005375,0,4,"GTP-dependent protein binding","MF"
"1691","GO:0030744",1,0.984865727052039,0,1,"luteolin O-methyltransferase activity","MF"
"1692","GO:0030755",1,0.984865727052039,0,1,"quercetin 3-O-methyltransferase activity","MF"
"1693","GO:0030775",1,0.938910244427848,0,3,"glucuronoxylan 4-O-methyltransferase activity","MF"
"1694","GO:0030785",1,0.970696323662632,0,2,"[ribulose-bisphosphate carboxylase]-lysine N-methyltransferase activity","MF"
"1695","GO:0030794",1,0.969923013504828,0,2,"(S)-coclaurine-N-methyltransferase activity","MF"
"1696","GO:0030797",1,0.964132141603683,0,2,"24-methylenesterol C-methyltransferase activity","MF"
"1697","GO:0030899",1,0.979764556862134,0,1,"calcium-dependent ATPase activity","MF"
"1698","GO:0030941",1,0.887071581082977,0,7,"chloroplast targeting sequence binding","MF"
"1699","GO:0030942",1,0.952758206356054,0,3,"endoplasmic reticulum signal peptide binding","MF"
"1700","GO:0030943",1,0.878815893969924,0,7,"mitochondrion targeting sequence binding","MF"
"1701","GO:0030946",1,0.983904835021779,0,1,"protein tyrosine phosphatase activity, metal-dependent","MF"
"1702","GO:0030955",1,0.863520650616913,0,10,"potassium ion binding","MF"
"1703","GO:0030957",1,0.985017193875569,0,1,"Tat protein binding","MF"
"1704","GO:0030976",1,0.878807256820577,0,9,"thiamine pyrophosphate binding","MF"
"1705","GO:0031071",1,0.937415149755399,0,4,"cysteine desulfurase activity","MF"
"1706","GO:0031072",1,0.644636281543912,0,30,"heat shock protein binding","MF"
"1707","GO:0031176",1,0.891946289190882,0,8,"endo-1,4-beta-xylanase activity","MF"
"1708","GO:0031177",1,0.913351366631818,0,5,"phosphopantetheine binding","MF"
"1709","GO:0031210",1,0.936290394912682,0,4,"phosphatidylcholine binding","MF"
"1710","GO:0031219",1,0.956979284699354,0,3,"levanase activity","MF"
"1711","GO:0031369",1,0.840570855942081,0,12,"translation initiation factor binding","MF"
"1712","GO:0031386",1,0.517090438463515,0,31,"protein tag","MF"
"1713","GO:0031405",1,0.960361024045606,0,3,"lipoic acid binding","MF"
"1714","GO:0031409",1,0.959167941825006,0,2,"pigment binding","MF"
"1715","GO:0031418",1,0.636140126953183,0,28,"L-ascorbic acid binding","MF"
"1716","GO:0031435",1,0.984198613724252,0,1,"mitogen-activated protein kinase kinase kinase binding","MF"
"1717","GO:0031490",1,0.721769700912824,0,24,"chromatin DNA binding","MF"
"1718","GO:0031491",1,0.777896655899982,0,19,"nucleosome binding","MF"
"1719","GO:0031492",1,0.685480213196601,0,18,"nucleosomal DNA binding","MF"
"1720","GO:0031516",1,0.939444672816325,0,5,"far-red light photoreceptor activity","MF"
"1721","GO:0031517",1,0.975162516863348,0,2,"red light photoreceptor activity","MF"
"1722","GO:0031543",1,0.985079912569414,0,1,"peptidyl-proline dioxygenase activity","MF"
"1723","GO:0031593",1,0.739344614174925,0,21,"polyubiquitin modification-dependent protein binding","MF"
"1724","GO:0031624",1,0.629152754806436,0,30,"ubiquitin conjugating enzyme binding","MF"
"1725","GO:0031683",1,0.911547667711709,0,7,"G-protein beta/gamma-subunit complex binding","MF"
"1726","GO:0031956",1,0.984495391181576,0,1,"medium-chain fatty acid-CoA ligase activity","MF"
"1727","GO:0031957",1,0.948567319372659,0,4,"very long-chain fatty acid-CoA ligase activity","MF"
"1728","GO:0032041",1,0.86593854917326,0,10,"NAD-dependent histone deacetylase activity (H3-K14 specific)","MF"
"1729","GO:0032050",1,0.714681447682361,0,21,"clathrin heavy chain binding","MF"
"1730","GO:0032051",1,0.976273482374692,0,2,"clathrin light chain binding","MF"
"1731","GO:0032131",1,0.967470760079826,0,2,"alkylated DNA binding","MF"
"1732","GO:0032137",1,0.881648352885632,0,10,"guanine/thymine mispair binding","MF"
"1733","GO:0032143",1,0.881648352885632,0,10,"single thymine insertion binding","MF"
"1734","GO:0032182",1,0.971617508523907,0,2,"ubiquitin-like protein binding","MF"
"1735","GO:0032216",1,0.985430923407988,0,1,"glucosaminyl-phosphotidylinositol O-acyltransferase activity","MF"
"1736","GO:0032266",1,0.87456031270034,0,9,"phosphatidylinositol-3-phosphate binding","MF"
"1737","GO:0032357",1,0.935510249402062,0,4,"oxidized purine DNA binding","MF"
"1738","GO:0032405",1,0.963953139343832,0,3,"MutLalpha complex binding","MF"
"1739","GO:0032422",1,0.967996509814885,0,2,"purine-rich negative regulatory element binding","MF"
"1740","GO:0032440",1,0.969635208511105,0,2,"2-alkenal reductase [NAD(P)] activity","MF"
"1741","GO:0032441",1,0.985105600966473,0,1,"pheophorbide a oxygenase activity","MF"
"1742","GO:0032442",1,0.984054804564589,0,1,"phenylcoumaran benzylic ether reductase activity","MF"
"1743","GO:0032451",1,0.929045193600634,0,5,"demethylase activity","MF"
"1744","GO:0032452",1,0.881665197964464,0,10,"histone demethylase activity","MF"
"1745","GO:0032453",1,0.962539677077415,0,3,"histone demethylase activity (H3-K4 specific)","MF"
"1746","GO:0032454",1,0.893910271098321,0,9,"histone demethylase activity (H3-K9 specific)","MF"
"1747","GO:0032542",1,0.938134321494864,0,3,"sulfiredoxin activity","MF"
"1748","GO:0032549",1,0.950144653517025,0,4,"ribonucleoside binding","MF"
"1749","GO:0032791",1,0.951358804450579,0,3,"lead ion binding","MF"
"1750","GO:0032794",1,0.980830434365914,0,1,"GTPase activating protein binding","MF"
"1751","GO:0032934",1,0.658197845830522,0,30,"sterol binding","MF"
"1752","GO:0032942",1,0.985112470699286,0,1,"inositol tetrakisphosphate 2-kinase activity","MF"
"1753","GO:0032977",1,0.853926486895556,0,11,"membrane insertase activity","MF"
"1754","GO:0033188",1,0.928534728879193,0,5,"sphingomyelin synthase activity","MF"
"1755","GO:0033201",1,0.950063579195683,0,4,"alpha-1,4-glucan synthase activity","MF"
"1756","GO:0033204",1,0.984035679512488,0,1,"ribonuclease P RNA binding","MF"
"1757","GO:0033549",1,0.926895421284941,0,4,"MAP kinase phosphatase activity","MF"
"1758","GO:0033550",1,0.969702069081471,0,2,"MAP kinase tyrosine phosphatase activity","MF"
"1759","GO:0033612",1,0.621499261824221,0,27,"receptor serine/threonine kinase binding","MF"
"1760","GO:0033613",1,0.951095354426391,0,3,"activating transcription factor binding","MF"
"1761","GO:0033699",1,0.985292681408825,0,1,"DNA 5'-adenosine monophosphate hydrolase activity","MF"
"1762","GO:0033721",1,0.971201120434181,0,2,"aldehyde dehydrogenase (NADP+) activity","MF"
"1763","GO:0033728",1,0.981298733778985,0,1,"divinyl chlorophyllide a 8-vinyl-reductase activity","MF"
"1764","GO:0033729",1,0.982969757218587,0,1,"anthocyanidin reductase activity","MF"
"1765","GO:0033730",1,0.937746844178768,0,4,"arogenate dehydrogenase (NADP+) activity","MF"
"1766","GO:0033741",1,0.937674097568623,0,4,"adenylyl-sulfate reductase (glutathione) activity","MF"
"1767","GO:0033743",1,0.752080162896384,0,14,"peptide-methionine (R)-S-oxide reductase activity","MF"
"1768","GO:0033744",1,0.981363976502744,0,1,"L-methionine:thioredoxin-disulfide S-oxidoreductase activity","MF"
"1769","GO:0033746",1,0.984916767212511,0,1,"histone demethylase activity (H3-R2 specific)","MF"
"1770","GO:0033749",1,0.984916767212511,0,1,"histone demethylase activity (H4-R3 specific)","MF"
"1771","GO:0033759",1,0.987476647245456,0,1,"flavone synthase activity","MF"
"1772","GO:0033799",1,0.984865727052039,0,1,"myricetin 3'-O-methyltransferase activity","MF"
"1773","GO:0033818",1,0.970797182451762,0,2,"beta-ketoacyl-acyl-carrier-protein synthase III activity","MF"
"1774","GO:0033819",1,0.936377314889362,0,3,"lipoyl(octanoyl) transferase activity","MF"
"1775","GO:0033836",1,0.872811884864959,0,8,"flavonol 7-O-beta-glucosyltransferase activity","MF"
"1776","GO:0033843",1,0.89437178424589,0,7,"xyloglucan 6-xylosyltransferase activity","MF"
"1777","GO:0033857",1,0.976074077255021,0,2,"diphosphoinositol-pentakisphosphate kinase activity","MF"
"1778","GO:0033862",1,0.940669800934602,0,4,"UMP kinase activity","MF"
"1779","GO:0033897",1,0.909836484548205,0,5,"ribonuclease T2 activity","MF"
"1780","GO:0033919",1,0.987114266552326,0,1,"glucan 1,3-alpha-glucosidase activity","MF"
"1781","GO:0033925",1,0.972289811538597,0,2,"mannosyl-glycoprotein endo-beta-N-acetylglucosaminidase activity","MF"
"1782","GO:0033926",1,0.863230053032753,0,10,"glycopeptide alpha-N-acetylgalactosaminidase activity","MF"
"1783","GO:0033946",1,0.962929032825559,0,2,"xyloglucan-specific endo-beta-1,4-glucanase activity","MF"
"1784","GO:0033947",1,0.987180352737786,0,1,"mannosylglycoprotein endo-beta-mannosidase activity","MF"
"1785","GO:0033961",1,0.980642710145873,0,1,"cis-stilbene-oxide hydrolase activity","MF"
"1786","GO:0033971",1,0.963263619504822,0,2,"hydroxyisourate hydrolase activity","MF"
"1787","GO:0033984",1,0.967441678533366,0,2,"indole-3-glycerol-phosphate lyase activity","MF"
"1788","GO:0034007",1,0.984745622359495,0,1,"S-linalool synthase activity","MF"
"1789","GO:0034038",1,0.969370952360091,0,2,"deoxyhypusine synthase activity","MF"
"1790","GO:0034039",1,0.968781421854515,0,2,"8-oxo-7,8-dihydroguanine DNA N-glycosylase activity","MF"
"1791","GO:0034046",1,0.984927225450994,0,1,"poly(G) binding","MF"
"1792","GO:0034062",1,0.975897458229978,0,2,"5'-3' RNA polymerase activity","MF"
"1793","GO:0034074",1,0.987560754443952,0,1,"marneral synthase activity","MF"
"1794","GO:0034075",1,0.975785147875041,0,2,"arabidiol synthase activity","MF"
"1795","GO:0034256",1,0.970428481262182,0,2,"chlorophyll(ide) b reductase activity","MF"
"1796","GO:0034335",1,0.963993092174511,0,3,"DNA supercoiling activity","MF"
"1797","GO:0034336",1,0.961050573061338,0,2,"misfolded RNA binding","MF"
"1798","GO:0034338",1,0.96656346786668,0,2,"short-chain carboxylesterase activity","MF"
"1799","GO:0034387",1,0.986716685592599,0,1,"4-aminobutyrate:pyruvate transaminase activity","MF"
"1800","GO:0034432",1,0.912590815888246,0,5,"bis(5'-adenosyl)-pentaphosphatase activity","MF"
"1801","GO:0034450",1,0.949820760871318,0,4,"ubiquitin-ubiquitin ligase activity","MF"
"1802","GO:0034480",1,0.984970988971003,0,1,"phosphatidylcholine phospholipase C activity","MF"
"1803","GO:0034485",1,0.765083939023582,0,19,"phosphatidylinositol-3,4,5-trisphosphate 5-phosphatase activity","MF"
"1804","GO:0034511",1,0.960967723342448,0,3,"U3 snoRNA binding","MF"
"1805","GO:0034513",1,0.902336977776819,0,5,"box H/ACA snoRNA binding","MF"
"1806","GO:0034595",1,0.972153878733681,0,2,"phosphatidylinositol phosphate 5-phosphatase activity","MF"
"1807","GO:0034618",1,0.980987452821621,0,1,"arginine binding","MF"
"1808","GO:0034639",1,0.985425880437748,0,1,"L-amino acid efflux transmembrane transporter activity","MF"
"1809","GO:0034647",1,0.881665197964464,0,10,"histone demethylase activity (H3-trimethyl-K4 specific)","MF"
"1810","GO:0034722",1,0.912084111461962,0,6,"gamma-glutamyl-peptidase activity","MF"
"1811","GO:0034768",1,0.941441010835806,0,4,"(E)-beta-ocimene synthase activity","MF"
"1812","GO:0034785",1,0.987476647245456,0,1,"salicylate 5-hydroxylase activity","MF"
"1813","GO:0034986",1,0.980821605375075,0,1,"iron chaperone activity","MF"
"1814","GO:0035035",1,0.98267483714755,0,1,"histone acetyltransferase binding","MF"
"1815","GO:0035064",1,0.66488027991581,0,28,"methylated histone binding","MF"
"1816","GO:0035174",1,0.956118444161236,0,3,"histone serine kinase activity","MF"
"1817","GO:0035175",1,0.921902861475111,0,5,"histone kinase activity (H3-S10 specific)","MF"
"1818","GO:0035197",1,0.916759031004385,0,7,"siRNA binding","MF"
"1819","GO:0035198",1,0.870046751500733,0,10,"miRNA binding","MF"
"1820","GO:0035241",1,0.921899411030416,0,6,"protein-arginine omega-N monomethyltransferase activity","MF"
"1821","GO:0035242",1,0.858335427898777,0,11,"protein-arginine omega-N asymmetric methyltransferase activity","MF"
"1822","GO:0035243",1,0.986915035175761,0,1,"protein-arginine omega-N symmetric methyltransferase activity","MF"
"1823","GO:0035250",1,0.902586221876224,0,7,"UDP-galactosyltransferase activity","MF"
"1824","GO:0035251",1,0.637474003847714,0,27,"UDP-glucosyltransferase activity","MF"
"1825","GO:0035252",1,0.805855915584867,0,14,"UDP-xylosyltransferase activity","MF"
"1826","GO:0035299",1,0.956087509094002,0,3,"inositol pentakisphosphate 2-kinase activity","MF"
"1827","GO:0035402",1,0.987090757407342,0,1,"histone kinase activity (H3-T11 specific)","MF"
"1828","GO:0035485",1,0.985671141856617,0,1,"adenine/guanine mispair binding","MF"
"1829","GO:0035514",1,0.983177856930164,0,1,"DNA demethylase activity","MF"
"1830","GO:0035529",1,0.72951352079045,0,20,"NADH pyrophosphatase activity","MF"
"1831","GO:0035539",1,0.973663415677144,0,1,"8-oxo-7,8-dihydrodeoxyguanosine triphosphate pyrophosphatase activity","MF"
"1832","GO:0035598",1,0.98588811120614,0,1,"N6-threonylcarbomyladenosine methylthiotransferase activity","MF"
"1833","GO:0035615",1,0.930304909107223,0,6,"clathrin adaptor activity","MF"
"1834","GO:0035671",1,0.948809375515994,0,3,"enone reductase activity","MF"
"1835","GO:0035673",1,0.464176232218317,0,52,"oligopeptide transmembrane transporter activity","MF"
"1836","GO:0035798",1,0.982271845007868,0,1,"2-alkenal reductase (NADP+) activity","MF"
"1837","GO:0035885",1,0.968299939051675,0,2,"exochitinase activity","MF"
"1838","GO:0035925",1,0.863652965875624,0,10,"mRNA 3'-UTR AU-rich region binding","MF"
"1839","GO:0036002",1,0.896263046986594,0,6,"pre-mRNA binding","MF"
"1840","GO:0036033",1,0.964844401457209,0,2,"mediator complex binding","MF"
"1841","GO:0036094",1,0.982466408716999,0,1,"small molecule binding","MF"
"1842","GO:0036310",1,0.948886918880167,0,4,"annealing helicase activity","MF"
"1843","GO:0036313",1,0.957587152908279,0,3,"phosphatidylinositol 3-kinase catalytic subunit binding","MF"
"1844","GO:0036361",1,0.984976706525772,0,1,"racemase activity, acting on amino acids and derivatives","MF"
"1845","GO:0036381",1,0.929700483561651,0,4,"pyridoxal 5'-phosphate synthase (glutamine hydrolysing) activity","MF"
"1846","GO:0036402",1,0.927287532281703,0,5,"proteasome-activating ATPase activity","MF"
"1847","GO:0036456",1,0.894240997297821,0,6,"L-methionine-(S)-S-oxide reductase activity","MF"
"1848","GO:0036459",1,0.696911974292343,0,27,"thiol-dependent ubiquitinyl hydrolase activity","MF"
"1849","GO:0036524",1,0.912590929724803,0,6,"protein deglycase activity","MF"
"1850","GO:0038023",1,0.579496952343495,0,27,"signaling receptor activity","MF"
"1851","GO:0038187",1,0.986229026530912,0,1,"pattern recognition receptor activity","MF"
"1852","GO:0038198",1,0.986176198053137,0,1,"auxin receptor activity","MF"
"1853","GO:0038199",1,0.904440193675113,0,7,"ethylene receptor activity","MF"
"1854","GO:0042030",1,0.960614734596918,0,2,"ATPase inhibitor activity","MF"
"1855","GO:0042054",1,0.892450898106585,0,8,"histone methyltransferase activity","MF"
"1856","GO:0042131",1,0.967795842640196,0,2,"thiamine phosphate phosphatase activity","MF"
"1857","GO:0042162",1,0.652412476430735,0,30,"telomeric DNA binding","MF"
"1858","GO:0042171",1,0.970553396179701,0,2,"lysophosphatidic acid acyltransferase activity","MF"
"1859","GO:0042277",1,0.868794006879059,0,10,"peptide binding","MF"
"1860","GO:0042281",1,0.969825121483289,0,2,"dolichyl pyrophosphate Man9GlcNAc2 alpha-1,3-glucosyltransferase activity","MF"
"1861","GO:0042282",1,0.970618985154388,0,2,"hydroxymethylglutaryl-CoA reductase activity","MF"
"1862","GO:0042283",1,0.983750705487308,0,1,"dolichyl pyrophosphate Glc1Man9GlcNAc2 alpha-1,3-glucosyltransferase activity","MF"
"1863","GO:0042284",1,0.984048458671343,0,1,"sphingolipid delta-4 desaturase activity","MF"
"1864","GO:0042285",1,0.883287968264451,0,8,"xylosyltransferase activity","MF"
"1865","GO:0042292",1,0.969990521234593,0,2,"URM1 activating enzyme activity","MF"
"1866","GO:0042299",1,0.927416042783649,0,6,"lupeol synthase activity","MF"
"1867","GO:0042349",1,0.950444580863522,0,2,"guiding stereospecific synthesis activity","MF"
"1868","GO:0042389",1,0.957052157543209,0,3,"omega-3 fatty acid desaturase activity","MF"
"1869","GO:0042392",1,0.984685736509663,0,1,"sphingosine-1-phosphate phosphatase activity","MF"
"1870","GO:0042393",1,0.272534240729461,0,90,"histone binding","MF"
"1871","GO:0042409",1,0.930086983811885,0,4,"caffeoyl-CoA O-methyltransferase activity","MF"
"1872","GO:0042500",1,0.897016164118257,0,8,"aspartic endopeptidase activity, intramembrane cleaving","MF"
"1873","GO:0042586",1,0.962921445538738,0,2,"peptide deformylase activity","MF"
"1874","GO:0042623",1,0.764823056447128,0,18,"ATPase activity, coupled","MF"
"1875","GO:0042625",1,0.984095349971353,0,1,"ATPase coupled ion transmembrane transporter activity","MF"
"1876","GO:0042736",1,0.929912075896063,0,5,"NADH kinase activity","MF"
"1877","GO:0042781",1,0.943668338689441,0,4,"3'-tRNA processing endoribonuclease activity","MF"
"1878","GO:0042800",1,0.860311554412458,0,11,"histone methyltransferase activity (H3-K4 specific)","MF"
"1879","GO:0042802",1,0.0452161289558959,0,203,"identical protein binding","MF"
"1880","GO:0042826",1,0.958672941255007,0,2,"histone deacetylase binding","MF"
"1881","GO:0042834",1,0.969111456802028,0,2,"peptidoglycan binding","MF"
"1882","GO:0042900",1,0.968982065207971,0,2,"arabinose transmembrane transporter activity","MF"
"1883","GO:0042903",1,0.985302592094244,0,1,"tubulin deacetylase activity","MF"
"1884","GO:0042907",1,0.938094044296396,0,4,"xanthine transmembrane transporter activity","MF"
"1885","GO:0042937",1,0.915124648681337,0,6,"tripeptide transmembrane transporter activity","MF"
"1886","GO:0042973",1,0.713842426954745,0,21,"glucan endo-1,3-beta-D-glucosidase activity","MF"
"1887","GO:0043014",1,0.985302592094244,0,1,"alpha-tubulin binding","MF"
"1888","GO:0043021",1,0.8475783662407,0,8,"ribonucleoprotein complex binding","MF"
"1889","GO:0043022",1,0.585314255261147,0,34,"ribosome binding","MF"
"1890","GO:0043023",1,0.873023080153737,0,9,"ribosomal large subunit binding","MF"
"1891","GO:0043024",1,0.89142536065194,0,8,"ribosomal small subunit binding","MF"
"1892","GO:0043047",1,0.73692325124958,0,20,"single-stranded telomeric DNA binding","MF"
"1893","GO:0043136",1,0.967779705473523,0,2,"glycerol-3-phosphatase activity","MF"
"1894","GO:0043138",1,0.825733629205595,0,14,"3'-5' DNA helicase activity","MF"
"1895","GO:0043140",1,0.829988388928591,0,15,"ATP-dependent 3'-5' DNA helicase activity","MF"
"1896","GO:0043141",1,0.940927494930086,0,4,"ATP-dependent 5'-3' DNA helicase activity","MF"
"1897","GO:0043142",1,0.982632954315092,0,1,"single-stranded DNA-dependent ATPase activity","MF"
"1898","GO:0043169",1,0.942583223311086,0,4,"cation binding","MF"
"1899","GO:0043325",1,0.914493573725069,0,6,"phosphatidylinositol-3,4-bisphosphate binding","MF"
"1900","GO:0043333",1,0.969428648959144,0,2,"2-octaprenyl-6-methoxy-1,4-benzoquinone methylase activity","MF"
"1901","GO:0043394",1,0.984187237087336,0,1,"proteoglycan binding","MF"
"1902","GO:0043399",1,0.985054971984808,0,1,"tRNA A64-2'-O-ribosylphosphate transferase activity","MF"
"1903","GO:0043424",1,0.6197918197731,0,33,"protein histidine kinase binding","MF"
"1904","GO:0043425",1,0.954582711475512,0,3,"bHLH transcription factor binding","MF"
"1905","GO:0043495",1,0.835362283865113,0,10,"protein membrane anchor","MF"
"1906","GO:0043530",1,0.951277320006932,0,2,"adenosine 5'-monophosphoramidase activity","MF"
"1907","GO:0043546",1,0.942691491494643,0,4,"molybdopterin cofactor binding","MF"
"1908","GO:0043682",1,0.921516681500544,0,6,"copper-transporting ATPase activity","MF"
"1909","GO:0043734",1,0.983177856930164,0,1,"DNA-N1-methyladenine dioxygenase activity","MF"
"1910","GO:0043754",1,0.985096176043798,0,1,"dihydrolipoyllysine-residue (2-methylpropanoyl)transferase activity","MF"
"1911","GO:0043764",1,0.984586647464889,0,1,"UDP-3-O-[3-hydroxymyristoyl] glucosamine N-acyltransferase activity","MF"
"1912","GO:0043765",1,0.953312405679556,0,3,"T/G mismatch-specific endonuclease activity","MF"
"1913","GO:0043783",1,0.973351946639062,0,2,"oxidoreductase activity, oxidizing metal ions with flavin as acceptor","MF"
"1914","GO:0043812",1,0.957561438817254,0,3,"phosphatidylinositol-4-phosphate phosphatase activity","MF"
"1915","GO:0043813",1,0.973141788999023,0,2,"phosphatidylinositol-3,5-bisphosphate 5-phosphatase activity","MF"
"1916","GO:0043864",1,0.984509978241162,0,1,"indoleacetamide hydrolase activity","MF"
"1917","GO:0043874",1,0.936577375859655,0,5,"acireductone synthase activity","MF"
"1918","GO:0043878",1,0.821535131931388,0,14,"glyceraldehyde-3-phosphate dehydrogenase (NAD+) (non-phosphorylating) activity","MF"
"1919","GO:0043879",1,0.984592233625778,0,1,"glycolate transmembrane transporter activity","MF"
"1920","GO:0043916",1,0.933360014392888,0,4,"DNA-7-methylguanine glycosylase activity","MF"
"1921","GO:0043994",1,0.968635227110023,0,2,"histone acetyltransferase activity (H3-K23 specific)","MF"
"1922","GO:0043995",1,0.884645569853804,0,8,"histone acetyltransferase activity (H4-K5 specific)","MF"
"1923","GO:0043996",1,0.898230249093046,0,7,"histone acetyltransferase activity (H4-K8 specific)","MF"
"1924","GO:0044022",1,0.96421736787189,0,2,"histone kinase activity (H3-S28 specific)","MF"
"1925","GO:0044183",1,0.64095993002741,0,28,"protein binding involved in protein folding","MF"
"1926","GO:0044318",1,0.986684277774079,0,1,"L-aspartate:fumarate oxidoreductase activity","MF"
"1927","GO:0044389",1,0.846657645175254,0,7,"ubiquitin-like protein ligase binding","MF"
"1928","GO:0044390",1,0.819594243142942,0,12,"ubiquitin-like protein conjugating enzyme binding","MF"
"1929","GO:0044547",1,0.986912390730128,0,1,"DNA topoisomerase binding","MF"
"1930","GO:0044715",1,0.985320524100309,0,1,"8-oxo-dGDP phosphatase activity","MF"
"1931","GO:0044748",1,0.96919946254551,0,2,"3'-5'-exoribonuclease activity involved in mature miRNA 3'-end processing","MF"
"1932","GO:0044877",1,0.875162165180041,0,8,"protein-containing complex binding","MF"
"1933","GO:0045134",1,0.986669421500099,0,1,"uridine-diphosphatase activity","MF"
"1934","GO:0045140",1,0.928534728879193,0,5,"inositol phosphoceramide synthase activity","MF"
"1935","GO:0045145",1,0.969464546646567,0,2,"single-stranded DNA 5'-3' exodeoxyribonuclease activity","MF"
"1936","GO:0045153",1,0.971050272717803,0,2,"electron transporter, transferring electrons within CoQH2-cytochrome c reductase complex activity","MF"
"1937","GO:0045156",1,0.82399419934375,0,9,"electron transporter, transferring electrons within the cyclic electron transport pathway of photosynthesis activity","MF"
"1938","GO:0045157",1,0.960360638474904,0,2,"electron transporter, transferring electrons within the noncyclic electron transport pathway of photosynthesis activity","MF"
"1939","GO:0045158",1,0.956910470825099,0,2,"electron transporter, transferring electrons within cytochrome b6/f complex of photosystem II activity","MF"
"1940","GO:0045159",1,0.987927857787393,0,1,"myosin II binding","MF"
"1941","GO:0045174",1,0.941605691810899,0,3,"glutathione dehydrogenase (ascorbate) activity","MF"
"1942","GO:0045300",1,0.876330541107292,0,8,"acyl-[acyl-carrier-protein] desaturase activity","MF"
"1943","GO:0045430",1,0.948389680717709,0,3,"chalcone isomerase activity","MF"
"1944","GO:0045431",1,0.86823370617996,0,8,"flavonol synthase activity","MF"
"1945","GO:0045435",1,0.985326208703348,0,1,"lycopene epsilon cyclase activity","MF"
"1946","GO:0045436",1,0.96741655103484,0,2,"lycopene beta cyclase activity","MF"
"1947","GO:0045437",1,0.955558174446964,0,3,"uridine nucleosidase activity","MF"
"1948","GO:0045480",1,0.983318980834453,0,1,"galactose oxidase activity","MF"
"1949","GO:0045485",1,0.955171882105672,0,3,"omega-6 fatty acid desaturase activity","MF"
"1950","GO:0045486",1,0.946856635233029,0,3,"naringenin 3-dioxygenase activity","MF"
"1951","GO:0045505",1,0.920985246933583,0,5,"dynein intermediate chain binding","MF"
"1952","GO:0045544",1,0.932119672404016,0,4,"gibberellin 20-oxidase activity","MF"
"1953","GO:0045547",1,0.896291694067327,0,6,"dehydrodolichyl diphosphate synthase activity","MF"
"1954","GO:0045549",1,0.926547203662929,0,5,"9-cis-epoxycarotenoid dioxygenase activity","MF"
"1955","GO:0045550",1,0.984530371502695,0,1,"geranylgeranyl reductase activity","MF"
"1956","GO:0045551",1,0.799745462290736,0,14,"cinnamyl-alcohol dehydrogenase activity","MF"
"1957","GO:0045703",1,0.984925150373025,0,1,"ketoreductase activity","MF"
"1958","GO:0046027",1,0.959855483427012,0,3,"phospholipid:diacylglycerol acyltransferase activity","MF"
"1959","GO:0046028",1,0.961591602651246,0,2,"electron transporter, transferring electrons from cytochrome b6/f complex of photosystem II activity","MF"
"1960","GO:0046030",1,0.945850172650273,0,4,"inositol trisphosphate phosphatase activity","MF"
"1961","GO:0046316",1,0.936589320759607,0,3,"gluconokinase activity","MF"
"1962","GO:0046403",1,0.931152816814449,0,5,"polynucleotide 3'-phosphatase activity","MF"
"1963","GO:0046404",1,0.987441976434889,0,1,"ATP-dependent polydeoxyribonucleotide 5'-hydroxyl-kinase activity","MF"
"1964","GO:0046406",1,0.927021144140605,0,4,"magnesium protoporphyrin IX methyltransferase activity","MF"
"1965","GO:0046408",1,0.98561230078328,0,1,"chlorophyll synthetase activity","MF"
"1966","GO:0046409",1,0.984972900794507,0,1,"p-coumarate 3-hydroxylase activity","MF"
"1967","GO:0046422",1,0.968323729071609,0,2,"violaxanthin de-epoxidase activity","MF"
"1968","GO:0046423",1,0.944610799022582,0,3,"allene-oxide cyclase activity","MF"
"1969","GO:0046424",1,0.984825702551421,0,1,"ferulate 5-hydroxylase activity","MF"
"1970","GO:0046428",1,0.985075628069302,0,1,"1,4-dihydroxy-2-naphthoate octaprenyltransferase activity","MF"
"1971","GO:0046480",1,0.960039016017891,0,3,"galactolipid galactosyltransferase activity","MF"
"1972","GO:0046481",1,0.957060662287757,0,3,"digalactosyldiacylglycerol synthase activity","MF"
"1973","GO:0046507",1,0.984820634228162,0,1,"UDPsulfoquinovose synthase activity","MF"
"1974","GO:0046509",1,0.94194925349568,0,4,"1,2-diacylglycerol 3-beta-galactosyltransferase activity","MF"
"1975","GO:0046510",1,0.972478458838076,0,2,"UDP-sulfoquinovose:DAG sulfoquinovosyltransferase activity","MF"
"1976","GO:0046522",1,0.984830722220057,0,1,"S-methyl-5-thioribose kinase activity","MF"
"1977","GO:0046523",1,0.955382493151543,0,3,"S-methyl-5-thioribose-1-phosphate isomerase activity","MF"
"1978","GO:0046524",1,0.951390384610172,0,4,"sucrose-phosphate synthase activity","MF"
"1979","GO:0046527",1,0.886558557066806,0,8,"glucosyltransferase activity","MF"
"1980","GO:0046537",1,0.941499582546311,0,4,"2,3-bisphosphoglycerate-independent phosphoglycerate mutase activity","MF"
"1981","GO:0046539",1,0.987700646742668,0,1,"histamine N-methyltransferase activity","MF"
"1982","GO:0046554",1,0.985040188962033,0,1,"malate dehydrogenase (NADP+) activity","MF"
"1983","GO:0046570",1,0.936577375859655,0,5,"methylthioribulose 1-phosphate dehydratase activity","MF"
"1984","GO:0046592",1,0.927980940252255,0,5,"polyamine oxidase activity","MF"
"1985","GO:0046593",1,0.965751631440022,0,2,"mandelonitrile lyase activity","MF"
"1986","GO:0046608",1,0.946366244574162,0,4,"carotenoid isomerase activity","MF"
"1987","GO:0046715",1,0.9308603974468,0,5,"active borate transmembrane transporter activity","MF"
"1988","GO:0046790",1,0.985055836870736,0,1,"virion binding","MF"
"1989","GO:0046820",1,0.987599593714403,0,1,"4-amino-4-deoxychorismate synthase activity","MF"
"1990","GO:0046870",1,0.966862006126164,0,2,"cadmium ion binding","MF"
"1991","GO:0046873",1,0.511124785930266,0,44,"metal ion transmembrane transporter activity","MF"
"1992","GO:0046905",1,0.971366147481795,0,2,"phytoene synthase activity","MF"
"1993","GO:0046906",1,0.942411365098786,0,4,"tetrapyrrole binding","MF"
"1994","GO:0046912",1,0.960001585101788,0,3,"transferase activity, transferring acyl groups, acyl groups converted into alkyl on transfer","MF"
"1995","GO:0046914",1,0.94283516533407,0,3,"transition metal ion binding","MF"
"1996","GO:0046920",1,0.95499883696681,0,3,"alpha-(1->3)-fucosyltransferase activity","MF"
"1997","GO:0046921",1,0.969827928964777,0,2,"alpha-(1->6)-fucosyltransferase activity","MF"
"1998","GO:0046922",1,0.970124310631718,0,2,"peptide-O-fucosyltransferase activity","MF"
"1999","GO:0046923",1,0.894115573467642,0,7,"ER retention sequence binding","MF"
"2000","GO:0046961",1,0.63338542344272,0,28,"proton-transporting ATPase activity, rotational mechanism","MF"
"2001","GO:0046964",1,0.956435337809195,0,3,"3'-phosphoadenosine 5'-phosphosulfate transmembrane transporter activity","MF"
"2002","GO:0046972",1,0.898230249093046,0,7,"histone acetyltransferase activity (H4-K16 specific)","MF"
"2003","GO:0046974",1,0.975326492682072,0,2,"histone methyltransferase activity (H3-K9 specific)","MF"
"2004","GO:0046975",1,0.90415830775706,0,7,"histone methyltransferase activity (H3-K36 specific)","MF"
"2005","GO:0046976",1,0.94030832101515,0,4,"histone methyltransferase activity (H3-K27 specific)","MF"
"2006","GO:0047012",1,0.935781981414759,0,5,"sterol-4-alpha-carboxylate 3-dehydrogenase (decarboxylating) activity","MF"
"2007","GO:0047066",1,0.966377045877696,0,2,"phospholipid-hydroperoxide glutathione peroxidase activity","MF"
"2008","GO:0047130",1,0.950114627320864,0,4,"saccharopine dehydrogenase (NADP+, L-lysine-forming) activity","MF"
"2009","GO:0047131",1,0.950114627320864,0,4,"saccharopine dehydrogenase (NAD+, L-glutamate-forming) activity","MF"
"2010","GO:0047134",1,0.727929134450465,0,16,"protein-disulfide reductase activity","MF"
"2011","GO:0047150",1,0.912137313349793,0,6,"betaine-homocysteine S-methyltransferase activity","MF"
"2012","GO:0047158",1,0.949825571222291,0,4,"sinapoylglucose-sinapoylglucose O-sinapoyltransferase activity","MF"
"2013","GO:0047172",1,0.983456676781189,0,1,"shikimate O-hydroxycinnamoyltransferase activity","MF"
"2014","GO:0047184",1,0.984843063318104,0,1,"1-acylglycerophosphocholine O-acyltransferase activity","MF"
"2015","GO:0047196",1,0.757568031494883,0,14,"long-chain-alcohol O-fatty-acyltransferase activity","MF"
"2016","GO:0047205",1,0.983456676781189,0,1,"quinate O-hydroxycinnamoyltransferase activity","MF"
"2017","GO:0047209",1,0.949979232289799,0,3,"coniferyl-alcohol glucosyltransferase activity","MF"
"2018","GO:0047213",1,0.982768600293267,0,1,"anthocyanidin 3-O-glucosyltransferase activity","MF"
"2019","GO:0047215",1,0.965169143096864,0,2,"indole-3-acetate beta-glucosyltransferase activity","MF"
"2020","GO:0047218",1,0.965709950669784,0,2,"hydroxycinnamate 4-beta-glucosyltransferase activity","MF"
"2021","GO:0047230",1,0.983735281960889,0,1,"flavonol-3-O-glucoside L-rhamnosyltransferase activity","MF"
"2022","GO:0047251",1,0.98247902060734,0,1,"thiohydroximate beta-D-glucosyltransferase activity","MF"
"2023","GO:0047259",1,0.879460976450656,0,9,"glucomannan 4-beta-mannosyltransferase activity","MF"
"2024","GO:0047262",1,0.612721076853383,0,32,"polygalacturonate 4-alpha-galacturonosyltransferase activity","MF"
"2025","GO:0047268",1,0.985475919395815,0,1,"galactinol-raffinose galactosyltransferase activity","MF"
"2026","GO:0047274",1,0.90506236356848,0,7,"galactinol-sucrose galactosyltransferase activity","MF"
"2027","GO:0047293",1,0.961611889405001,0,3,"4-hydroxybenzoate nonaprenyltransferase activity","MF"
"2028","GO:0047312",1,0.985147227538614,0,1,"L-phenylalanine:pyruvate aminotransferase activity","MF"
"2029","GO:0047325",1,0.916024600289263,0,6,"inositol tetrakisphosphate 1-kinase activity","MF"
"2030","GO:0047326",1,0.93398738330843,0,4,"inositol tetrakisphosphate 5-kinase activity","MF"
"2031","GO:0047334",1,0.949149833833265,0,4,"diphosphate-fructose-6-phosphate 1-phosphotransferase activity","MF"
"2032","GO:0047338",1,0.987097533365586,0,1,"UTP:xylose-1-phosphate uridylyltransferase activity","MF"
"2033","GO:0047341",1,0.961419071659921,0,3,"fucose-1-phosphate guanylyltransferase activity","MF"
"2034","GO:0047345",1,0.982547595260118,0,1,"ribose-5-phosphate adenylyltransferase activity","MF"
"2035","GO:0047350",1,0.987097533365586,0,1,"glucuronate-1-phosphate uridylyltransferase activity","MF"
"2036","GO:0047364",1,0.940062668453488,0,3,"desulfoglucosinolate sulfotransferase activity","MF"
"2037","GO:0047381",1,0.962658754928305,0,2,"dodecanoyl-[acyl-carrier-protein] hydrolase activity","MF"
"2038","GO:0047412",1,0.987612153725265,0,1,"N-(long-chain-acyl)ethanolamine deacylase activity","MF"
"2039","GO:0047427",1,0.985184121969408,0,1,"cyanoalanine nitrilase activity","MF"
"2040","GO:0047429",1,0.983840504709681,0,1,"nucleoside-triphosphate diphosphatase activity","MF"
"2041","GO:0047434",1,0.984727828942905,0,1,"indolepyruvate decarboxylase activity","MF"
"2042","GO:0047443",1,0.900751880442378,0,6,"4-hydroxy-4-methyl-2-oxoglutarate aldolase activity","MF"
"2043","GO:0047450",1,0.982080960749246,0,1,"crotonoyl-[acyl-carrier-protein] hydratase activity","MF"
"2044","GO:0047453",1,0.984733820715769,0,1,"ATP-dependent NAD(P)H-hydrate dehydratase activity","MF"
"2045","GO:0047485",1,0.984209883061136,0,1,"protein N-terminus binding","MF"
"2046","GO:0047493",1,0.928534728879193,0,5,"ceramide cholinephosphotransferase activity","MF"
"2047","GO:0047501",1,0.961669423902187,0,2,"(+)-neomenthol dehydrogenase activity","MF"
"2048","GO:0047504",1,0.961669423902187,0,2,"(-)-menthol dehydrogenase activity","MF"
"2049","GO:0047513",1,0.987003224367821,0,1,"1,2-alpha-L-fucosidase activity","MF"
"2050","GO:0047517",1,0.940961174989941,0,4,"1,4-beta-D-xylan synthase activity","MF"
"2051","GO:0047538",1,0.928779934425612,0,5,"2-carboxy-D-arabinitol-1-phosphatase activity","MF"
"2052","GO:0047545",1,0.957318626346102,0,3,"2-hydroxyglutarate dehydrogenase activity","MF"
"2053","GO:0047558",1,0.985184121969408,0,1,"3-cyanoalanine hydratase activity","MF"
"2054","GO:0047560",1,0.954563775015319,0,3,"3-dehydrosphinganine reductase activity","MF"
"2055","GO:0047598",1,0.986423246471088,0,1,"7-dehydrocholesterol reductase activity","MF"
"2056","GO:0047617",1,0.751866193520877,0,15,"acyl-CoA hydrolase activity","MF"
"2057","GO:0047621",1,0.952976370707083,0,3,"acylpyruvate hydrolase activity","MF"
"2058","GO:0047622",1,0.961134526121612,0,3,"adenosine nucleosidase activity","MF"
"2059","GO:0047627",1,0.864849499624647,0,8,"adenylylsulfatase activity","MF"
"2060","GO:0047631",1,0.724553346083407,0,20,"ADP-ribose diphosphatase activity","MF"
"2061","GO:0047632",1,0.97051970789058,0,2,"agmatine deiminase activity","MF"
"2062","GO:0047652",1,0.98588811120614,0,1,"allantoate deiminase activity","MF"
"2063","GO:0047661",1,0.984218265085285,0,1,"amino-acid racemase activity","MF"
"2064","GO:0047668",1,0.985343489011537,0,1,"amygdalin beta-glucosidase activity","MF"
"2065","GO:0047710",1,0.951277320006932,0,2,"bis(5'-adenosyl)-triphosphatase activity","MF"
"2066","GO:0047714",1,0.823883012980245,0,13,"galactolipase activity","MF"
"2067","GO:0047720",1,0.984006497149035,0,1,"indoleacetaldoxime dehydratase activity","MF"
"2068","GO:0047724",1,0.93228013219765,0,5,"inosine nucleosidase activity","MF"
"2069","GO:0047734",1,0.964399034886404,0,2,"CDP-glycerol diphosphatase activity","MF"
"2070","GO:0047746",1,0.934618765197098,0,4,"chlorophyllase activity","MF"
"2071","GO:0047750",1,0.980195671105153,0,1,"cholestenol delta-isomerase activity","MF"
"2072","GO:0047751",1,0.977121065714536,0,1,"cholestenone 5-alpha-reductase activity","MF"
"2073","GO:0047760",1,0.985475919395815,0,1,"butyrate-CoA ligase activity","MF"
"2074","GO:0047763",1,0.984865727052039,0,1,"caffeate O-methyltransferase activity","MF"
"2075","GO:0047769",1,0.881169372708462,0,8,"arogenate dehydratase activity","MF"
"2076","GO:0047787",1,0.965934845180097,0,2,"delta4-3-oxosteroid 5beta-reductase activity","MF"
"2077","GO:0047793",1,0.970356620894588,0,2,"cycloeucalenol cycloisomerase activity","MF"
"2078","GO:0047804",1,0.941919686784776,0,4,"cysteine-S-conjugate beta-lyase activity","MF"
"2079","GO:0047807",1,0.967426759487878,0,2,"cytokinin 7-beta-glucosyltransferase activity","MF"
"2080","GO:0047810",1,0.964347788460465,0,2,"D-alanine:2-oxoglutarate aminotransferase activity","MF"
"2081","GO:0047840",1,0.979754527354019,0,1,"dCTP diphosphatase activity","MF"
"2082","GO:0047844",1,0.979541572507547,0,1,"deoxycytidine deaminase activity","MF"
"2083","GO:0047874",1,0.908686451075229,0,5,"dolichyldiphosphatase activity","MF"
"2084","GO:0047884",1,0.968785814111277,0,2,"FAD diphosphatase activity","MF"
"2085","GO:0047886",1,0.964604829015656,0,2,"farnesol dehydrogenase activity","MF"
"2086","GO:0047889",1,0.984919926631513,0,1,"ferredoxin-nitrate reductase activity","MF"
"2087","GO:0047893",1,0.794067074508179,0,14,"flavonol 3-O-glucosyltransferase activity","MF"
"2088","GO:0047912",1,0.973488852736866,0,2,"galacturonokinase activity","MF"
"2089","GO:0047918",1,0.97058381272459,0,2,"GDP-mannose 3,5-epimerase activity","MF"
"2090","GO:0047938",1,0.887102000260412,0,8,"glucose-6-phosphate 1-epimerase activity","MF"
"2091","GO:0047940",1,0.967562430276316,0,2,"glucuronokinase activity","MF"
"2092","GO:0047958",1,0.958720116113299,0,3,"glycine:2-oxoglutarate aminotransferase activity","MF"
"2093","GO:0047974",1,0.968000705492125,0,2,"guanosine deaminase activity","MF"
"2094","GO:0047987",1,0.983840504709681,0,1,"hydroperoxide dehydratase activity","MF"
"2095","GO:0047995",1,0.979562044967509,0,1,"hydroxyphenylpyruvate reductase activity","MF"
"2096","GO:0048027",1,0.851414643083396,0,9,"mRNA 5'-UTR binding","MF"
"2097","GO:0048029",1,0.931241490400185,0,4,"monosaccharide binding","MF"
"2098","GO:0048037",1,0.898963307561507,0,7,"cofactor binding","MF"
"2099","GO:0048038",1,0.579133226016767,0,26,"quinone binding","MF"
"2100","GO:0048039",1,0.9430766380386,0,4,"ubiquinone binding","MF"
"2101","GO:0048040",1,0.789263557515809,0,15,"UDP-glucuronate decarboxylase activity","MF"
"2102","GO:0048244",1,0.970494802558616,0,2,"phytanoyl-CoA dioxygenase activity","MF"
"2103","GO:0048256",1,0.855231696437033,0,12,"flap endonuclease activity","MF"
"2104","GO:0048257",1,0.987164812553724,0,1,"3'-flap endonuclease activity","MF"
"2105","GO:0048307",1,0.984919926631513,0,1,"ferredoxin-nitrite reductase activity","MF"
"2106","GO:0048365",1,0.954670215010853,0,3,"Rac GTPase binding","MF"
"2107","GO:0048487",1,0.894291641108605,0,7,"beta-tubulin binding","MF"
"2108","GO:0048529",1,0.983465563935746,0,1,"magnesium-protoporphyrin IX monomethyl ester (oxidative) cyclase activity","MF"
"2109","GO:0048531",1,0.969388730577114,0,2,"beta-1,3-galactosyltransferase activity","MF"
"2110","GO:0050048",1,0.985147227538614,0,1,"L-leucine:2-oxoglutarate aminotransferase activity","MF"
"2111","GO:0050062",1,0.922752106365229,0,6,"long-chain-fatty-acyl-CoA reductase activity","MF"
"2112","GO:0050072",1,0.971095239717029,0,2,"m7G(5')pppN diphosphatase activity","MF"
"2113","GO:0050080",1,0.971607613883056,0,2,"malonyl-CoA decarboxylase activity","MF"
"2114","GO:0050105",1,0.940953081876431,0,4,"L-gulonolactone oxidase activity","MF"
"2115","GO:0050113",1,0.95404379165879,0,3,"inositol oxygenase activity","MF"
"2116","GO:0050126",1,0.969318671746824,0,2,"N-carbamoylputrescine amidase activity","MF"
"2117","GO:0050139",1,0.967244174386493,0,2,"nicotinate-N-glucosyltransferase activity","MF"
"2118","GO:0050145",1,0.987441976434889,0,1,"nucleoside monophosphate kinase activity","MF"
"2119","GO:0050152",1,0.970973044483651,0,2,"omega-amidase activity","MF"
"2120","GO:0050200",1,0.945090555543154,0,4,"plasmalogen synthase activity","MF"
"2121","GO:0050201",1,0.961419071659921,0,3,"fucokinase activity","MF"
"2122","GO:0050203",1,0.98526583459827,0,1,"oxalate-CoA ligase activity","MF"
"2123","GO:0050213",1,0.977121065714536,0,1,"progesterone 5-alpha-reductase activity","MF"
"2124","GO:0050220",1,0.984764295712781,0,1,"prostaglandin-E synthase activity","MF"
"2125","GO:0050225",1,0.98461773933262,0,1,"pseudouridine kinase activity","MF"
"2126","GO:0050236",1,0.983996636527634,0,1,"pyridoxine:NADP 4-dehydrogenase activity","MF"
"2127","GO:0050242",1,0.987513835621098,0,1,"pyruvate, phosphate dikinase activity","MF"
"2128","GO:0050265",1,0.957190812719446,0,3,"RNA uridylyltransferase activity","MF"
"2129","GO:0050267",1,0.982231705289076,0,1,"rubber cis-polyprenylcistransferase activity","MF"
"2130","GO:0050268",1,0.971128381256949,0,2,"coniferyl-alcohol dehydrogenase activity","MF"
"2131","GO:0050269",1,0.98644843318269,0,1,"coniferyl-aldehyde dehydrogenase activity","MF"
"2132","GO:0050281",1,0.984119702719284,0,1,"serine-glyoxylate transaminase activity","MF"
"2133","GO:0050284",1,0.933514942160395,0,4,"sinapate 1-glucosyltransferase activity","MF"
"2134","GO:0050291",1,0.897703706503963,0,7,"sphingosine N-acyltransferase activity","MF"
"2135","GO:0050302",1,0.854263686012458,0,11,"indole-3-acetaldehyde oxidase activity","MF"
"2136","GO:0050307",1,0.885489137263621,0,8,"sucrose-phosphate phosphatase activity","MF"
"2137","GO:0050308",1,0.963172257612703,0,2,"sugar-phosphatase activity","MF"
"2138","GO:0050311",1,0.98719055635575,0,1,"sulfite reductase (ferredoxin) activity","MF"
"2139","GO:0050313",1,0.968510182786939,0,2,"sulfur dioxygenase activity","MF"
"2140","GO:0050334",1,0.98258443920035,0,1,"thiaminase activity","MF"
"2141","GO:0050342",1,0.983814794109859,0,1,"tocopherol O-methyltransferase activity","MF"
"2142","GO:0050347",1,0.927396588468869,0,5,"trans-octaprenyltranstransferase activity","MF"
"2143","GO:0050355",1,0.962757833743635,0,2,"triphosphatase activity","MF"
"2144","GO:0050362",1,0.928918976399134,0,5,"L-tryptophan:2-oxoglutarate aminotransferase activity","MF"
"2145","GO:0050373",1,0.863119469905569,0,10,"UDP-arabinose 4-epimerase activity","MF"
"2146","GO:0050377",1,0.956368521857803,0,3,"UDP-glucose 4,6-dehydratase activity","MF"
"2147","GO:0050378",1,0.906014571487698,0,6,"UDP-glucuronate 4-epimerase activity","MF"
"2148","GO:0050408",1,0.987686810679999,0,1,"[pyruvate kinase]-phosphatase activity","MF"
"2149","GO:0050412",1,0.949258924904428,0,3,"cinnamate beta-D-glucosyltransferase activity","MF"
"2150","GO:0050421",1,0.984919926631513,0,1,"nitrite reductase (NO-forming) activity","MF"
"2151","GO:0050454",1,0.987342423844593,0,1,"coenzyme F420 hydrogenase activity","MF"
"2152","GO:0050464",1,0.972728858178633,0,2,"nitrate reductase (NADPH) activity","MF"
"2153","GO:0050486",1,0.987000755304037,0,1,"intramolecular transferase activity, transferring hydroxy groups","MF"
"2154","GO:0050505",1,0.967675995360023,0,2,"hydroquinone glucosyltransferase activity","MF"
"2155","GO:0050511",1,0.98464061281806,0,1,"undecaprenyldiphospho-muramoylpentapeptide beta-N-acetylglucosaminyltransferase activity","MF"
"2156","GO:0050513",1,0.984876121986332,0,1,"glycoprotein 2-beta-D-xylosyltransferase activity","MF"
"2157","GO:0050515",1,0.984957430470057,0,1,"4-(cytidine 5'-diphospho)-2-C-methyl-D-erythritol kinase activity","MF"
"2158","GO:0050518",1,0.970537666577974,0,2,"2-C-methyl-D-erythritol 4-phosphate cytidylyltransferase activity","MF"
"2159","GO:0050521",1,0.988098746560964,0,1,"alpha-glucan, water dikinase activity","MF"
"2160","GO:0050525",1,0.984761462736027,0,1,"cutinase activity","MF"
"2161","GO:0050551",1,0.941441010835806,0,4,"myrcene synthase activity","MF"
"2162","GO:0050566",1,0.96772999018205,0,1,"asparaginyl-tRNA synthase (glutamine-hydrolyzing) activity","MF"
"2163","GO:0050567",1,0.956167883564933,0,3,"glutaminyl-tRNA synthase (glutamine-hydrolyzing) activity","MF"
"2164","GO:0050577",1,0.925315626361916,0,4,"GDP-L-fucose synthase activity","MF"
"2165","GO:0050613",1,0.985688644780626,0,1,"delta14-sterol reductase activity","MF"
"2166","GO:0050614",1,0.970355279261764,0,2,"delta24-sterol reductase activity","MF"
"2167","GO:0050619",1,0.983688213496991,0,1,"phytochromobilin:ferredoxin oxidoreductase activity","MF"
"2168","GO:0050664",1,0.946095862289411,0,4,"oxidoreductase activity, acting on NAD(P)H, oxygen as acceptor","MF"
"2169","GO:0050734",1,0.95268880524667,0,3,"hydroxycinnamoyltransferase activity","MF"
"2170","GO:0050736",1,0.966024150890085,0,2,"O-malonyltransferase activity","MF"
"2171","GO:0051010",1,0.932093468571797,0,5,"microtubule plus-end binding","MF"
"2172","GO:0051019",1,0.968511073726772,0,2,"mitogen-activated protein kinase binding","MF"
"2173","GO:0051020",1,0.822339821524493,0,14,"GTPase binding","MF"
"2174","GO:0051060",1,0.975982072889183,0,2,"pullulanase activity","MF"
"2175","GO:0051082",1,0.0704963533307449,0,159,"unfolded protein binding","MF"
"2176","GO:0051087",1,0.458738967642589,0,44,"chaperone binding","MF"
"2177","GO:0051117",1,0.736900319606088,0,20,"ATPase binding","MF"
"2178","GO:0051266",1,0.965998158973138,0,2,"sirohydrochlorin ferrochelatase activity","MF"
"2179","GO:0051267",1,0.987587261139593,0,1,"CP2 mannose-ethanolamine phosphotransferase activity","MF"
"2180","GO:0051377",1,0.987489641356554,0,1,"mannose-ethanolamine phosphotransferase activity","MF"
"2181","GO:0051499",1,0.984790510576221,0,1,"D-aminoacyl-tRNA deacylase activity","MF"
"2182","GO:0051507",1,0.974511459018278,0,2,"beta-sitosterol UDP-glucosyltransferase activity","MF"
"2183","GO:0051536",1,0.670007451876992,0,25,"iron-sulfur cluster binding","MF"
"2184","GO:0051537",1,0.355187227766648,0,58,"2 iron, 2 sulfur cluster binding","MF"
"2185","GO:0051538",1,0.869389878832608,0,10,"3 iron, 4 sulfur cluster binding","MF"
"2186","GO:0051669",1,0.956979284699354,0,3,"fructan beta-fructosidase activity","MF"
"2187","GO:0051670",1,0.985469397921068,0,1,"inulinase activity","MF"
"2188","GO:0051721",1,0.970606401226128,0,2,"protein phosphatase 2A binding","MF"
"2189","GO:0051722",1,0.984724809999521,0,1,"protein C-terminal methylesterase activity","MF"
"2190","GO:0051723",1,0.985336536433787,0,1,"protein methylesterase activity","MF"
"2191","GO:0051724",1,0.956609778767725,0,3,"NAD transmembrane transporter activity","MF"
"2192","GO:0051731",1,0.988055292927757,0,1,"polynucleotide 5'-hydroxyl-kinase activity","MF"
"2193","GO:0051738",1,0.985619393347382,0,1,"xanthophyll binding","MF"
"2194","GO:0051740",1,0.904440193675113,0,7,"ethylene binding","MF"
"2195","GO:0051741",1,0.980786178722517,0,1,"2-methyl-6-phytyl-1,4-benzoquinone methyltransferase activity","MF"
"2196","GO:0051743",1,0.98201056567987,0,1,"red chlorophyll catabolite reductase activity","MF"
"2197","GO:0051744",1,0.981298733778985,0,1,"3,8-divinyl protochlorophyllide a 8-vinyl reductase activity","MF"
"2198","GO:0051745",1,0.985095319979304,0,1,"4-hydroxy-3-methylbut-2-en-1-yl diphosphate reductase activity","MF"
"2199","GO:0051746",1,0.975278788824605,0,2,"thalianol synthase activity","MF"
"2200","GO:0051747",1,0.983177856930164,0,1,"cytosine C-5 DNA demethylase activity","MF"
"2201","GO:0051748",1,0.987097533365586,0,1,"UTP-monosaccharide-1-phosphate uridylyltransferase activity","MF"
"2202","GO:0051749",1,0.985750817638885,0,1,"indole acetic acid carboxyl methyltransferase activity","MF"
"2203","GO:0051750",1,0.962974066553299,0,2,"delta3,5-delta2,4-dienoyl-CoA isomerase activity","MF"
"2204","GO:0051751",1,0.970287247710876,0,2,"alpha-1,4-mannosyltransferase activity","MF"
"2205","GO:0051752",1,0.987827389242442,0,1,"phosphoglucan, water dikinase activity","MF"
"2206","GO:0051753",1,0.861178327133058,0,11,"mannan synthase activity","MF"
"2207","GO:0051765",1,0.965363042223151,0,2,"inositol tetrakisphosphate kinase activity","MF"
"2208","GO:0051766",1,0.965363042223151,0,2,"inositol trisphosphate kinase activity","MF"
"2209","GO:0051777",1,0.97117614880807,0,2,"ent-kaurenoate oxidase activity","MF"
"2210","GO:0051787",1,0.767391642093768,0,17,"misfolded protein binding","MF"
"2211","GO:0051861",1,0.9694580938423,0,2,"glycolipid binding","MF"
"2212","GO:0051879",1,0.787882142321836,0,15,"Hsp90 protein binding","MF"
"2213","GO:0051880",1,0.988019037314933,0,1,"G-quadruplex DNA binding","MF"
"2214","GO:0051920",1,0.913189210589014,0,5,"peroxiredoxin activity","MF"
"2215","GO:0051959",1,0.920985246933583,0,5,"dynein light intermediate chain binding","MF"
"2216","GO:0051990",1,0.973050634256512,0,2,"(R)-2-hydroxyglutarate dehydrogenase activity","MF"
"2217","GO:0051996",1,0.929094332680759,0,5,"squalene synthase activity","MF"
"2218","GO:0051997",1,0.963263619504822,0,2,"2-oxo-4-hydroxy-4-carboxy-5-ureidoimidazoline decarboxylase activity","MF"
"2219","GO:0052381",1,0.902012474316253,0,6,"tRNA dimethylallyltransferase activity","MF"
"2220","GO:0052591",1,0.985276451314315,0,1,"sn-glycerol-3-phosphate:ubiquinone-8 oxidoreductase activity","MF"
"2221","GO:0052593",1,0.972529684558102,0,2,"tryptamine:oxygen oxidoreductase (deaminating) activity","MF"
"2222","GO:0052594",1,0.972529684558102,0,2,"aminoacetone:oxygen oxidoreductase(deaminating) activity","MF"
"2223","GO:0052595",1,0.972529684558102,0,2,"aliphatic-amine oxidase activity","MF"
"2224","GO:0052596",1,0.972529684558102,0,2,"phenethylamine:oxygen oxidoreductase (deaminating) activity","MF"
"2225","GO:0052622",1,0.928561334217189,0,4,"ATP dimethylallyltransferase activity","MF"
"2226","GO:0052623",1,0.928561334217189,0,4,"ADP dimethylallyltransferase activity","MF"
"2227","GO:0052624",1,0.983106824687878,0,1,"2-phytyl-1,4-naphthoquinone methyltransferase activity","MF"
"2228","GO:0052629",1,0.987779751704385,0,1,"phosphatidylinositol-3,5-bisphosphate 3-phosphatase activity","MF"
"2229","GO:0052630",1,0.961072571063063,0,3,"UDP-N-acetylgalactosamine diphosphorylase activity","MF"
"2230","GO:0052631",1,0.96737022343971,0,2,"sphingolipid delta-8 desaturase activity","MF"
"2231","GO:0052635",1,0.986959248142753,0,1,"C-20 gibberellin 2-beta-dioxygenase activity","MF"
"2232","GO:0052636",1,0.986881644977532,0,1,"arabinosyltransferase activity","MF"
"2233","GO:0052637",1,0.977978130404804,0,1,"delta 3-trans-hexadecenoic acid phosphatidylglycerol desaturase activity","MF"
"2234","GO:0052638",1,0.954273581895574,0,3,"indole-3-butyrate beta-glucosyltransferase activity","MF"
"2235","GO:0052639",1,0.982931690113406,0,1,"salicylic acid glucosyltransferase (ester-forming) activity","MF"
"2236","GO:0052640",1,0.930809431993751,0,4,"salicylic acid glucosyltransferase (glucoside-forming) activity","MF"
"2237","GO:0052641",1,0.947098455592673,0,3,"benzoic acid glucosyltransferase activity","MF"
"2238","GO:0052642",1,0.970513451104885,0,2,"lysophosphatidic acid phosphatase activity","MF"
"2239","GO:0052654",1,0.914266507617232,0,6,"L-leucine transaminase activity","MF"
"2240","GO:0052655",1,0.914266507617232,0,6,"L-valine transaminase activity","MF"
"2241","GO:0052656",1,0.914266507617232,0,6,"L-isoleucine transaminase activity","MF"
"2242","GO:0052658",1,0.897588262065186,0,8,"inositol-1,4,5-trisphosphate 5-phosphatase activity","MF"
"2243","GO:0052659",1,0.908798589682426,0,7,"inositol-1,3,4,5-tetrakisphosphate 5-phosphatase activity","MF"
"2244","GO:0052667",1,0.971570269905267,0,2,"phosphomethylethanolamine N-methyltransferase activity","MF"
"2245","GO:0052668",1,0.984983310979951,0,1,"farnesol kinase activity","MF"
"2246","GO:0052669",1,0.984983310979951,0,1,"CTP:2-trans,-6-trans-farnesol kinase activity","MF"
"2247","GO:0052670",1,0.984983310979951,0,1,"geraniol kinase activity","MF"
"2248","GO:0052671",1,0.984983310979951,0,1,"geranylgeraniol kinase activity","MF"
"2249","GO:0052683",1,0.959165056258374,0,3,"(Z)-gamma-bisabolene synthase activity","MF"
"2250","GO:0052684",1,0.984970030779797,0,1,"L-serine hydro-lyase (adding indole, L-tryptophan-forming) activity","MF"
"2251","GO:0052691",1,0.906439286632498,0,6,"UDP-arabinopyranose mutase activity","MF"
"2252","GO:0052694",1,0.9504956151577,0,3,"jasmonoyl-isoleucine-12-hydroxylase activity","MF"
"2253","GO:0052716",1,0.753235857299466,0,19,"hydroquinone:oxygen oxidoreductase activity","MF"
"2254","GO:0052717",1,0.939456703043946,0,4,"tRNA-specific adenosine-34 deaminase activity","MF"
"2255","GO:0052722",1,0.984057966629321,0,1,"fatty acid in-chain hydroxylase activity","MF"
"2256","GO:0052723",1,0.976074077255021,0,2,"inositol hexakisphosphate 1-kinase activity","MF"
"2257","GO:0052724",1,0.976074077255021,0,2,"inositol hexakisphosphate 3-kinase activity","MF"
"2258","GO:0052725",1,0.884290581853448,0,8,"inositol-1,3,4-trisphosphate 6-kinase activity","MF"
"2259","GO:0052726",1,0.916024600289263,0,6,"inositol-1,3,4-trisphosphate 5-kinase activity","MF"
"2260","GO:0052739",1,0.930977554921825,0,5,"phosphatidylserine 1-acylhydrolase activity","MF"
"2261","GO:0052740",1,0.930977554921825,0,5,"1-acyl-2-lysophosphatidylserine acylhydrolase activity","MF"
"2262","GO:0052745",1,0.985525100042101,0,1,"inositol phosphate phosphatase activity","MF"
"2263","GO:0052747",1,0.882180407382615,0,8,"sinapyl alcohol dehydrogenase activity","MF"
"2264","GO:0052751",1,0.954949478772713,0,3,"GDP-mannose hydrolase activity","MF"
"2265","GO:0052821",1,0.964744739315265,0,2,"DNA-7-methyladenine glycosylase activity","MF"
"2266","GO:0052822",1,0.964744739315265,0,2,"DNA-3-methylguanine glycosylase activity","MF"
"2267","GO:0052824",1,0.986868090056286,0,1,"dolichyl-pyrophosphate Man7GlcNAc2 alpha-1,6-mannosyltransferase activity","MF"
"2268","GO:0052832",1,0.925611211487379,0,5,"inositol monophosphate 3-phosphatase activity","MF"
"2269","GO:0052833",1,0.925611211487379,0,5,"inositol monophosphate 4-phosphatase activity","MF"
"2270","GO:0052834",1,0.969897669901356,0,2,"inositol monophosphate phosphatase activity","MF"
"2271","GO:0052855",1,0.984733820715769,0,1,"ADP-dependent NAD(P)H-hydrate dehydratase activity","MF"
"2272","GO:0052856",1,0.971867581814227,0,2,"NADHX epimerase activity","MF"
"2273","GO:0052857",1,0.971867581814227,0,2,"NADPHX epimerase activity","MF"
"2274","GO:0052861",1,0.98495546734049,0,1,"glucan endo-1,3-beta-glucanase activity, C-3 substituted reducing group","MF"
"2275","GO:0052866",1,0.944801825822531,0,4,"phosphatidylinositol phosphate phosphatase activity","MF"
"2276","GO:0052873",1,0.979923640231365,0,1,"FMN reductase (NADPH) activity","MF"
"2277","GO:0052886",1,0.986566541833514,0,1,"9,9'-dicis-carotene:quinone oxidoreductase activity","MF"
"2278","GO:0052887",1,0.986566541833514,0,1,"7,9,9'-tricis-neurosporene:quinone oxidoreductase activity","MF"
"2279","GO:0052894",1,0.9713822988839,0,2,"norspermine:oxygen oxidoreductase activity","MF"
"2280","GO:0052895",1,0.9713822988839,0,2,"N1-acetylspermine:oxygen oxidoreductase (N1-acetylspermidine-forming) activity","MF"
"2281","GO:0052901",1,0.956967505410084,0,3,"spermine:oxygen oxidoreductase (spermidine-forming) activity","MF"
"2282","GO:0052902",1,0.970762938091462,0,2,"spermidine:oxygen oxidoreductase (3-aminopropanal-forming) activity","MF"
"2283","GO:0052903",1,0.970762938091462,0,2,"N1-acetylspermine:oxygen oxidoreductase (3-acetamidopropanal-forming) activity","MF"
"2284","GO:0052904",1,0.970762938091462,0,2,"N1-acetylspermidine:oxygen oxidoreductase (3-acetamidopropanal-forming) activity","MF"
"2285","GO:0052906",1,0.942909221432414,0,4,"tRNA (guanine(37)-N(1))-methyltransferase activity","MF"
"2286","GO:0052917",1,0.95872045599947,0,3,"dol-P-Man:Man(7)GlcNAc(2)-PP-Dol alpha-1,6-mannosyltransferase activity","MF"
"2287","GO:0052918",1,0.98595367606401,0,1,"dol-P-Man:Man(8)GlcNAc(2)-PP-Dol alpha-1,2-mannosyltransferase activity","MF"
"2288","GO:0052924",1,0.927396588468869,0,5,"all-trans-nonaprenyl-diphosphate synthase (geranylgeranyl-diphosphate specific) activity","MF"
"2289","GO:0052925",1,0.971478593656657,0,2,"dol-P-Man:Man(5)GlcNAc(2)-PP-Dol alpha-1,3-mannosyltransferase activity","MF"
"2290","GO:0052926",1,0.98595367606401,0,1,"dol-P-Man:Man(6)GlcNAc(2)-PP-Dol alpha-1,2-mannosyltransferase activity","MF"
"2291","GO:0055055",1,0.982547595260118,0,1,"D-glucose:proton symporter activity","MF"
"2292","GO:0055105",1,0.962194897269737,0,3,"ubiquitin-protein transferase inhibitor activity","MF"
"2293","GO:0060090",1,0.975486048094022,0,2,"molecular adaptor activity","MF"
"2294","GO:0061133",1,0.974016652190149,0,2,"endopeptidase activator activity","MF"
"2295","GO:0061503",1,0.985145466884821,0,1,"tRNA threonylcarbamoyladenosine dehydratase","MF"
"2296","GO:0061522",1,0.934634527023169,0,3,"1,4-dihydroxy-2-naphthoyl-CoA thioesterase activity","MF"
"2297","GO:0061575",1,0.818511765017002,0,13,"cyclin-dependent protein serine/threonine kinase activator activity","MF"
"2298","GO:0061578",1,0.967288869851979,0,2,"Lys63-specific deubiquitinase activity","MF"
"2299","GO:0061598",1,0.963283078260076,0,3,"molybdopterin adenylyltransferase activity","MF"
"2300","GO:0061599",1,0.963283078260076,0,3,"molybdopterin molybdotransferase activity","MF"
"2301","GO:0061604",1,0.969990521234593,0,2,"molybdopterin-synthase sulfurtransferase activity","MF"
"2302","GO:0061605",1,0.969990521234593,0,2,"molybdopterin-synthase adenylyltransferase activity","MF"
"2303","GO:0061608",1,0.86925244962634,0,9,"nuclear import signal receptor activity","MF"
"2304","GO:0061629",1,0.980678840549991,0,1,"RNA polymerase II sequence-specific DNA-binding transcription factor binding","MF"
"2305","GO:0061634",1,0.986941215265282,0,1,"alpha-D-xyloside xylohydrolase","MF"
"2306","GO:0061656",1,0.983299990455456,0,1,"SUMO conjugating enzyme activity","MF"
"2307","GO:0061659",1,0.975418022480154,0,2,"ubiquitin-like protein ligase activity","MF"
"2308","GO:0061711",1,0.969548239820856,0,2,"N(6)-L-threonylcarbamoyladenine synthase activity","MF"
"2309","GO:0061798",1,0.970243814794455,0,2,"GTP 3',8'-cyclase activity","MF"
"2310","GO:0061799",1,0.968972205118542,0,2,"cyclic pyranopterin monophosphate synthase activity","MF"
"2311","GO:0061929",1,0.948088703116343,0,2,"gamma-glutamylaminecyclotransferase activity","MF"
"2312","GO:0062045",1,0.986622902349324,0,1,"L-lysine alpha-aminotransferase","MF"
"2313","GO:0062046",1,0.979070497158335,0,1,"dehydropipecolic acid reductase","MF"
"2314","GO:0062047",1,0.985079912569414,0,1,"pipecolic acid N-hydroxylase","MF"
"2315","GO:0070001",1,0.984361679786663,0,1,"aspartic-type peptidase activity","MF"
"2316","GO:0070006",1,0.948013738388004,0,4,"metalloaminopeptidase activity","MF"
"2317","GO:0070008",1,0.985838738005222,0,1,"serine-type exopeptidase activity","MF"
"2318","GO:0070009",1,0.987477275429158,0,1,"serine-type aminopeptidase activity","MF"
"2319","GO:0070012",1,0.98654808669281,0,1,"oligopeptidase activity","MF"
"2320","GO:0070026",1,0.972721411072461,0,2,"nitric oxide binding","MF"
"2321","GO:0070034",1,0.874478795117016,0,9,"telomerase RNA binding","MF"
"2322","GO:0070037",1,0.984116683289096,0,1,"rRNA (pseudouridine) methyltransferase activity","MF"
"2323","GO:0070042",1,0.960902568515111,0,2,"rRNA (uridine-N3-)-methyltransferase activity","MF"
"2324","GO:0070043",1,0.98511591248078,0,1,"rRNA (guanine-N7-)-methyltransferase activity","MF"
"2325","GO:0070063",1,0.890572839420851,0,9,"RNA polymerase binding","MF"
"2326","GO:0070139",1,0.911844497090433,0,7,"SUMO-specific endopeptidase activity","MF"
"2327","GO:0070140",1,0.933391430719497,0,5,"SUMO-specific isopeptidase activity","MF"
"2328","GO:0070180",1,0.7287875480905,0,15,"large ribosomal subunit rRNA binding","MF"
"2329","GO:0070181",1,0.748295220794186,0,14,"small ribosomal subunit rRNA binding","MF"
"2330","GO:0070182",1,0.909141818624049,0,7,"DNA polymerase binding","MF"
"2331","GO:0070191",1,0.982024739325672,0,1,"methionine-R-sulfoxide reductase activity","MF"
"2332","GO:0070204",1,0.9761733895301,0,2,"2-succinyl-5-enolpyruvyl-6-hydroxy-3-cyclohexene-1-carboxylic-acid synthase activity","MF"
"2333","GO:0070205",1,0.9761733895301,0,2,"2-succinyl-6-hydroxy-2,4-cyclohexadiene-1-carboxylate synthase activity","MF"
"2334","GO:0070260",1,0.984092274031778,0,1,"5'-tyrosyl-DNA phosphodiesterase activity","MF"
"2335","GO:0070273",1,0.965119730364576,0,3,"phosphatidylinositol-4-phosphate binding","MF"
"2336","GO:0070290",1,0.783810537989402,0,19,"N-acylphosphatidylethanolamine-specific phospholipase D activity","MF"
"2337","GO:0070300",1,0.735295090586725,0,21,"phosphatidic acid binding","MF"
"2338","GO:0070330",1,0.955216964837153,0,3,"aromatase activity","MF"
"2339","GO:0070336",1,0.960092110273051,0,3,"flap-structured DNA binding","MF"
"2340","GO:0070401",1,0.936407657867051,0,4,"NADP+ binding","MF"
"2341","GO:0070402",1,0.913097165106359,0,6,"NADPH binding","MF"
"2342","GO:0070403",1,0.715215630247341,0,21,"NAD+ binding","MF"
"2343","GO:0070406",1,0.985267944773827,0,1,"glutamine binding","MF"
"2344","GO:0070491",1,0.985682796981517,0,1,"repressing transcription factor binding","MF"
"2345","GO:0070524",1,0.984434391740635,0,1,"11-beta-hydroxysteroid dehydrogenase (NADP+) activity","MF"
"2346","GO:0070566",1,0.929037552821671,0,5,"adenylyltransferase activity","MF"
"2347","GO:0070569",1,0.973641137377905,0,2,"uridylyltransferase activity","MF"
"2348","GO:0070577",1,0.98814715614518,0,1,"lysine-acetylated histone binding","MF"
"2349","GO:0070626",1,0.97046028575696,0,2,"(S)-2-(5-amino-1-(5-phospho-D-ribosyl)imidazole-4-carboxamido)succinate AMP-lyase (fumarate-forming) activity","MF"
"2350","GO:0070628",1,0.805877282979518,0,15,"proteasome binding","MF"
"2351","GO:0070696",1,0.807997034713361,0,13,"transmembrane receptor protein serine/threonine kinase binding","MF"
"2352","GO:0070728",1,0.942259659051673,0,4,"leucine binding","MF"
"2353","GO:0070773",1,0.985048035316022,0,1,"protein-N-terminal glutamine amidohydrolase activity","MF"
"2354","GO:0070878",1,0.948191918840892,0,4,"primary miRNA binding","MF"
"2355","GO:0070883",1,0.987811860526169,0,1,"pre-miRNA binding","MF"
"2356","GO:0070905",1,0.850577871164345,0,11,"serine binding","MF"
"2357","GO:0071164",1,0.9860787344967,0,1,"RNA trimethylguanosine synthase activity","MF"
"2358","GO:0071424",1,0.984329490621472,0,1,"rRNA (cytosine-N4-)-methyltransferase activity","MF"
"2359","GO:0071522",1,0.985464202785121,0,1,"ureidoglycine aminohydrolase activity","MF"
"2360","GO:0071566",1,0.986440572490851,0,1,"UFM1 activating enzyme activity","MF"
"2361","GO:0071568",1,0.98090939548583,0,1,"UFM1 transferase activity","MF"
"2362","GO:0071617",1,0.884150452834612,0,8,"lysophospholipid acyltransferase activity","MF"
"2363","GO:0071618",1,0.945090555543154,0,4,"lysophosphatidylethanolamine acyltransferase activity","MF"
"2364","GO:0071633",1,0.985959959482533,0,1,"dihydroceramidase activity","MF"
"2365","GO:0071771",1,0.973146232173661,0,2,"aldehyde decarbonylase activity","MF"
"2366","GO:0071917",1,0.913594398531644,0,6,"triose-phosphate transmembrane transporter activity","MF"
"2367","GO:0072354",1,0.987090757407342,0,1,"histone kinase activity (H3-T3 specific)","MF"
"2368","GO:0072532",1,0.98313750191266,0,1,"tri-(feruloyl or hydroxyferuloyl) spermidine meta-hydroxylase activity","MF"
"2369","GO:0072542",1,0.798370766620609,0,15,"protein phosphatase activator activity","MF"
"2370","GO:0072547",1,0.965330449954102,0,2,"tricoumaroylspermidine meta-hydroxylase activity","MF"
"2371","GO:0072548",1,0.965330449954102,0,2,"dicoumaroyl monocaffeoyl spermidine meta-hydroxylase activity","MF"
"2372","GO:0072549",1,0.965330449954102,0,2,"monocoumaroyl dicaffeoyl spermidine meta-hydroxylase activity","MF"
"2373","GO:0072550",1,0.98313750191266,0,1,"triferuloylspermidine meta-hydroxylase activity","MF"
"2374","GO:0072551",1,0.98313750191266,0,1,"diferuloyl mono-(hydroxyferuloyl) spermidine meta-hydroxylase activity","MF"
"2375","GO:0072552",1,0.98313750191266,0,1,"monoferuloyl di-(hydroxyferuloyl) spermidine meta-hydroxylase activity","MF"
"2376","GO:0072555",1,0.984434391740635,0,1,"17-beta-ketosteroid reductase activity","MF"
"2377","GO:0072582",1,0.984434391740635,0,1,"17-beta-hydroxysteroid dehydrogenase (NADP+) activity","MF"
"2378","GO:0072585",1,0.985131480160827,0,1,"xanthosine nucleotidase activity","MF"
"2379","GO:0072587",1,0.986912390730128,0,1,"DNA topoisomerase (ATP-hydrolyzing) activator activity","MF"
"2380","GO:0080002",1,0.930977541287646,0,4,"UDP-glucose:4-aminobenzoate acylglucosyltransferase activity","MF"
"2381","GO:0080004",1,0.983688213496991,0,1,"thalian-diol desaturase activity","MF"
"2382","GO:0080007",1,0.984638880432451,0,1,"S-nitrosoglutathione reductase activity","MF"
"2383","GO:0080014",1,0.957409416720354,0,3,"thalianol hydroxylase activity","MF"
"2384","GO:0080018",1,0.981747242738006,0,1,"anthocyanin 5-O-glucosyltransferase activity","MF"
"2385","GO:0080019",1,0.883606861273724,0,9,"fatty-acyl-CoA reductase (alcohol-forming) activity","MF"
"2386","GO:0080023",1,0.940656244664388,0,4,"3R-hydroxyacyl-CoA dehydratase activity","MF"
"2387","GO:0080025",1,0.811594158045969,0,14,"phosphatidylinositol-3,5-bisphosphate binding","MF"
"2388","GO:0080030",1,0.497354556665072,0,38,"methyl indole-3-acetate esterase activity","MF"
"2389","GO:0080031",1,0.739589095282772,0,17,"methyl salicylate esterase activity","MF"
"2390","GO:0080032",1,0.726291730066609,0,18,"methyl jasmonate esterase activity","MF"
"2391","GO:0080041",1,0.898450192266334,0,7,"ADP-ribose pyrophosphohydrolase activity","MF"
"2392","GO:0080042",1,0.924793424886564,0,5,"ADP-glucose pyrophosphohydrolase activity","MF"
"2393","GO:0080045",1,0.937188452731347,0,4,"quercetin 3'-O-glucosyltransferase activity","MF"
"2394","GO:0080046",1,0.875600785368582,0,8,"quercetin 4'-O-glucosyltransferase activity","MF"
"2395","GO:0080047",1,0.970526855128572,0,2,"GDP-L-galactose phosphorylase activity","MF"
"2396","GO:0080048",1,0.970526855128572,0,2,"GDP-D-glucose phosphorylase activity","MF"
"2397","GO:0080049",1,0.971736966052685,0,2,"L-gulono-1,4-lactone dehydrogenase activity","MF"
"2398","GO:0080054",1,0.903831790701387,0,7,"low-affinity nitrate transmembrane transporter activity","MF"
"2399","GO:0080062",1,0.967426759487878,0,2,"cytokinin 9-beta-glucosyltransferase activity","MF"
"2400","GO:0080066",1,0.9793242107361,0,1,"3-methylthiopropyl-desulfoglucosinolate sulfotransferase activity","MF"
"2401","GO:0080067",1,0.9793242107361,0,1,"4-methylthiobutyl-desulfoglucosinolate sulfotransferase activity","MF"
"2402","GO:0080068",1,0.9793242107361,0,1,"5-methylthiopentyl-desulfoglucosinolate sulfotransferase activity","MF"
"2403","GO:0080069",1,0.9793242107361,0,1,"7-methylthioheptyl-desulfoglucosinolate sulfotransferase activity","MF"
"2404","GO:0080070",1,0.9793242107361,0,1,"8-methylthiooctyl-desulfoglucosinolate sulfotransferase activity","MF"
"2405","GO:0080071",1,0.9793242107361,0,1,"indol-3-yl-methyl-desulfoglucosinolate sulfotransferase activity","MF"
"2406","GO:0080073",1,0.984850328947787,0,1,"spermidine:coumaroyl CoA N-acyltransferase activity","MF"
"2407","GO:0080079",1,0.958574390824667,0,3,"cellobiose glucosidase activity","MF"
"2408","GO:0080081",1,0.985343489011537,0,1,"4-methylumbelliferyl-beta-D-glucopyranoside beta-glucosidase activity","MF"
"2409","GO:0080082",1,0.985343489011537,0,1,"esculin beta-glucosidase activity","MF"
"2410","GO:0080083",1,0.985343489011537,0,1,"beta-gentiobiose beta-glucosidase activity","MF"
"2411","GO:0080084",1,0.969812134033943,0,2,"5S rDNA binding","MF"
"2412","GO:0080095",1,0.987726223443709,0,1,"phosphatidylethanolamine-sterol O-acyltransferase activity","MF"
"2413","GO:0080096",1,0.987726223443709,0,1,"phosphatidate-sterol O-acyltransferase activity","MF"
"2414","GO:0080097",1,0.971894700037905,0,2,"L-tryptophan:pyruvate aminotransferase activity","MF"
"2415","GO:0080098",1,0.985147227538614,0,1,"L-tyrosine:pyruvate aminotransferase activity","MF"
"2416","GO:0080099",1,0.985147227538614,0,1,"L-methionine:2-oxoglutarate aminotransferase activity","MF"
"2417","GO:0080100",1,0.985147227538614,0,1,"L-glutamine:2-oxoglutarate aminotransferase activity","MF"
"2418","GO:0080101",1,0.960594134467977,0,2,"phosphatidyl-N-dimethylethanolamine N-methyltransferase activity","MF"
"2419","GO:0080102",1,0.946957983578607,0,4,"3-methylthiopropyl glucosinolate S-oxygenase activity","MF"
"2420","GO:0080103",1,0.933629974618237,0,5,"4-methylthiopropyl glucosinolate S-oxygenase activity","MF"
"2421","GO:0080104",1,0.946957983578607,0,4,"5-methylthiopropyl glucosinolate S-oxygenase activity","MF"
"2422","GO:0080105",1,0.97231685086378,0,2,"6-methylthiopropyl glucosinolate S-oxygenase activity","MF"
"2423","GO:0080106",1,0.946957983578607,0,4,"7-methylthiopropyl glucosinolate S-oxygenase activity","MF"
"2424","GO:0080107",1,0.891122925481902,0,8,"8-methylthiopropyl glucosinolate S-oxygenase activity","MF"
"2425","GO:0080108",1,0.969933076700962,0,2,"S-alkylthiohydroximate lyase activity","MF"
"2426","GO:0080115",1,0.954025832638494,0,3,"myosin XI tail binding","MF"
"2427","GO:0080116",1,0.915127015117422,0,6,"glucuronoxylan glucuronosyltransferase activity","MF"
"2428","GO:0080118",1,0.954950862115963,0,2,"brassinosteroid sulfotransferase activity","MF"
"2429","GO:0080122",1,0.927619246698767,0,5,"AMP transmembrane transporter activity","MF"
"2430","GO:0080123",1,0.942259659051673,0,4,"jasmonate-amino synthetase activity","MF"
"2431","GO:0080124",1,0.956627101473719,0,3,"pheophytinase activity","MF"
"2432","GO:0080130",1,0.985147227538614,0,1,"L-phenylalanine:2-oxoglutarate aminotransferase activity","MF"
"2433","GO:0080131",1,0.982632954315092,0,1,"hydroxyjasmonate sulfotransferase activity","MF"
"2434","GO:0080132",1,0.95492421937974,0,3,"fatty acid alpha-hydroxylase activity","MF"
"2435","GO:0080139",1,0.897472893321101,0,8,"borate efflux transmembrane transporter activity","MF"
"2436","GO:0080146",1,0.954178700652648,0,3,"L-cysteine desulfhydrase activity","MF"
"2437","GO:0080161",1,0.984364113544233,0,1,"auxin transmembrane transporter activity","MF"
"2438","GO:0080176",1,0.986941215265282,0,1,"xyloglucan 1,6-alpha-xylosidase activity","MF"
"2439","GO:0090353",1,0.956132207840689,0,2,"polygalacturonase inhibitor activity","MF"
"2440","GO:0090409",1,0.987372773179246,0,1,"malonyl-CoA synthetase activity","MF"
"2441","GO:0090411",1,0.985905205418702,0,1,"brassinosteroid binding","MF"
"2442","GO:0090415",1,0.987342423844593,0,1,"7-hydroxymethyl chlorophyll a reductase activity","MF"
"2443","GO:0090416",1,0.984834455481085,0,1,"nicotinate transmembrane transporter activity","MF"
"2444","GO:0090417",1,0.984834455481085,0,1,"N-methylnicotinate transmembrane transporter activity","MF"
"2445","GO:0090422",1,0.9567462571108,0,3,"thiamine pyrophosphate transmembrane transporter activity","MF"
"2446","GO:0090430",1,0.966179571560052,0,2,"caffeoyl-CoA: alcohol caffeoyl transferase activity","MF"
"2447","GO:0090438",1,0.987713415934364,0,1,"camelliol C synthase activity","MF"
"2448","GO:0090439",1,0.981609745924571,0,1,"tetraketide alpha-pyrone synthase activity","MF"
"2449","GO:0090440",1,0.971515463682017,0,2,"abscisic acid transmembrane transporter activity","MF"
"2450","GO:0090447",1,0.88511171083385,0,8,"glycerol-3-phosphate 2-O-acyltransferase activity","MF"
"2451","GO:0090448",1,0.970815521399537,0,2,"glucosinolate:proton symporter activity","MF"
"2452","GO:0090471",1,0.967070576385173,0,2,"9,15,9'-tri-cis-zeta-carotene isomerase activity","MF"
"2453","GO:0090704",1,0.982931690113406,0,1,"nicotinate-O-glucosyltransferase activity","MF"
"2454","GO:0090711",1,0.938390640345105,0,3,"FMN hydrolase activity","MF"
"2455","GO:0090729",1,0.968796664405406,0,2,"toxin activity","MF"
"2456","GO:0097027",1,0.929261822338673,0,5,"ubiquitin-protein transferase activator activity","MF"
"2457","GO:0097100",1,0.984261969421541,0,1,"supercoiled DNA binding","MF"
"2458","GO:0097157",1,0.933157088911773,0,5,"pre-mRNA intronic binding","MF"
"2459","GO:0097177",1,0.866531185757775,0,7,"mitochondrial ribosome binding","MF"
"2460","GO:0097367",1,0.959745105151369,0,2,"carbohydrate derivative binding","MF"
"2461","GO:0097602",1,0.906609077461861,0,6,"cullin family protein binding","MF"
"2462","GO:0098505",1,0.945298315712624,0,4,"G-rich strand telomeric DNA binding","MF"
"2463","GO:0098599",1,0.858565447268692,0,9,"palmitoyl hydrolase activity","MF"
"2464","GO:0102043",1,0.984890772724388,0,1,"isopentenyl phosphate kinase activity","MF"
"2465","GO:0102067",1,0.984530371502695,0,1,"geranylgeranyl diphosphate reductase activity","MF"
"2466","GO:0102077",1,0.987612153725265,0,1,"oleamide hydrolase activity","MF"
"2467","GO:0102092",1,0.976074077255021,0,2,"5-diphosphoinositol pentakisphosphate 3-kinase activity","MF"
"2468","GO:0102118",1,0.984314285061125,0,1,"gibberellin A4 carboxyl methyltransferase activity","MF"
"2469","GO:0102121",1,0.971293662038882,0,2,"ceramidase activity","MF"
"2470","GO:0102131",1,0.98526583459827,0,1,"3-oxo-glutaryl-[acp] methyl ester reductase activity","MF"
"2471","GO:0102132",1,0.98526583459827,0,1,"3-oxo-pimeloyl-[acp] methyl ester reductase activity","MF"
"2472","GO:0102148",1,0.960080789527952,0,3,"N-acetyl-beta-D-galactosaminidase activity","MF"
"2473","GO:0102149",1,0.984736793727664,0,1,"farnesylcysteine lyase activity","MF"
"2474","GO:0102158",1,0.938814976632782,0,4,"very-long-chain 3-hydroxyacyl-CoA dehydratase activity","MF"
"2475","GO:0102202",1,0.913390688449975,0,7,"soladodine glucosyltransferase activity","MF"
"2476","GO:0102203",1,0.913390688449975,0,7,"brassicasterol glucosyltransferase activity","MF"
"2477","GO:0102205",1,0.913390688449975,0,7,"cholesterol allpha-glucosyltransferase activity","MF"
"2478","GO:0102216",1,0.976168020412474,0,2,"maltodextrin water dikinase","MF"
"2479","GO:0102217",1,0.987827389242442,0,1,"6-phosphoglucan, water dikinase activity","MF"
"2480","GO:0102218",1,0.976168020412474,0,2,"starch, H2O dikinase activity","MF"
"2481","GO:0102219",1,0.987827389242442,0,1,"phosphogluco-amylopectin water dikinase activity","MF"
"2482","GO:0102229",1,0.89102800345158,0,8,"amylopectin maltohydrolase activity","MF"
"2483","GO:0102245",1,0.98755926299771,0,1,"lupan-3beta,20-diol synthase activity","MF"
"2484","GO:0102250",1,0.975513980807746,0,2,"linear malto-oligosaccharide phosphorylase activity","MF"
"2485","GO:0102251",1,0.985707740994211,0,1,"all-trans-beta-apo-10'-carotenal cleavage oxygenase activity","MF"
"2486","GO:0102293",1,0.965084296995792,0,2,"pheophytinase b activity","MF"
"2487","GO:0102339",1,0.984925150373025,0,1,"3-oxo-arachidoyl-CoA reductase activity","MF"
"2488","GO:0102340",1,0.984925150373025,0,1,"3-oxo-behenoyl-CoA reductase activity","MF"
"2489","GO:0102341",1,0.984925150373025,0,1,"3-oxo-lignoceroyl-CoA reductase activity","MF"
"2490","GO:0102342",1,0.984925150373025,0,1,"3-oxo-cerotoyl-CoA reductase activity","MF"
"2491","GO:0102343",1,0.938814976632782,0,4,"3-hydroxy-arachidoyl-CoA dehydratase activity","MF"
"2492","GO:0102344",1,0.938814976632782,0,4,"3-hydroxy-behenoyl-CoA dehydratase activity","MF"
"2493","GO:0102345",1,0.938814976632782,0,4,"3-hydroxy-lignoceroyl-CoA dehydratase activity","MF"
"2494","GO:0102351",1,0.986716685592599,0,1,"gamma-aminobutyrate transaminase (glyoxylate dependent) activity","MF"
"2495","GO:0102359",1,0.965709950669784,0,2,"daphnetin 4-O-beta-glucosyltransferase activity","MF"
"2496","GO:0102360",1,0.819547743524451,0,12,"daphnetin 3-O-glucosyltransferase activity","MF"
"2497","GO:0102361",1,0.965709950669784,0,2,"esculetin 4-O-beta-glucosyltransferase activity","MF"
"2498","GO:0102389",1,0.951793837544743,0,3,"polyprenol reductase activity","MF"
"2499","GO:0102391",1,0.854683207830506,0,12,"decanoate-CoA ligase activity","MF"
"2500","GO:0102396",1,0.985707740994211,0,1,"9-cis-10'-apo-beta-carotenal cleavage oxygenase activity","MF"
"2501","GO:0102406",1,0.967354307475878,0,2,"omega-hydroxypalmitate O-sinapoyl transferase activity","MF"
"2502","GO:0102419",1,0.970980411759857,0,2,"sn-2-glycerol-3-phosphate omega-OH-C22:0-CoA acyl transferase activity","MF"
"2503","GO:0102420",1,0.873075680413742,0,9,"sn-1-glycerol-3-phosphate C16:0-DCA-CoA acyl transferase activity","MF"
"2504","GO:0102425",1,0.819547743524451,0,12,"myricetin 3-O-glucosyltransferase activity","MF"
"2505","GO:0102485",1,0.91830931903135,0,6,"dATP phosphohydrolase activity","MF"
"2506","GO:0102486",1,0.91830931903135,0,6,"dCTP phosphohydrolase activity","MF"
"2507","GO:0102487",1,0.91830931903135,0,6,"dUTP phosphohydrolase activity","MF"
"2508","GO:0102488",1,0.91830931903135,0,6,"dTTP phosphohydrolase activity","MF"
"2509","GO:0102489",1,0.91830931903135,0,6,"GTP phosphohydrolase activity","MF"
"2510","GO:0102490",1,0.91830931903135,0,6,"8-oxo-dGTP phosphohydrolase activity","MF"
"2511","GO:0102491",1,0.91830931903135,0,6,"dGTP phosphohydrolase activity","MF"
"2512","GO:0102499",1,0.975513980807746,0,2,"SHG alpha-glucan phosphorylase activity","MF"
"2513","GO:0102500",1,0.974382850042101,0,2,"beta-maltose 4-alpha-glucanotransferase activity","MF"
"2514","GO:0102502",1,0.986034206451413,0,1,"ADP-glucose-starch glucosyltransferase activity","MF"
"2515","GO:0102521",1,0.985557829034583,0,1,"tRNA-4-demethylwyosine synthase activity","MF"
"2516","GO:0102522",1,0.987557764129964,0,1,"tRNA 4-demethylwyosine alpha-amino-alpha-carboxypropyltransferase activity","MF"
"2517","GO:0102549",1,0.944652929478326,0,4,"1-18:1-2-16:0-monogalactosyldiacylglycerol lipase activity","MF"
"2518","GO:0102550",1,0.980786178722517,0,1,"2-methyl-6-geranylgeranyl-1,4-benzoquinol methyltransferase activity","MF"
"2519","GO:0102555",1,0.936377314889362,0,3,"octanoyl transferase activity (acting on glycine-cleavage complex H protein)","MF"
"2520","GO:0102567",1,0.9617351907186,0,2,"phospholipase A2 activity (consuming 1,2-dipalmitoylphosphatidylcholine)","MF"
"2521","GO:0102568",1,0.9617351907186,0,2,"phospholipase A2 activity consuming 1,2-dioleoylphosphatidylethanolamine)","MF"
"2522","GO:0102580",1,0.981769782465432,0,1,"cyanidin 3-O-glucoside 2-O''-xylosyltransferase activity","MF"
"2523","GO:0102659",1,0.98247902060734,0,1,"UDP-glucose: 4-methylthiobutylhydroximate S-glucosyltransferase activity","MF"
"2524","GO:0102661",1,0.985534580877225,0,1,"homogentisate solanyltransferase activity","MF"
"2525","GO:0102732",1,0.93398738330843,0,4,"myo-inositol-1,2,3,4,6-heptakisphosphate 5-kinase activity","MF"
"2526","GO:0102752",1,0.963947475969072,0,3,"1,4-alpha-glucan branching enzyme activity (using a glucosylated glycogenin as primer for glycogen synthesis)","MF"
"2527","GO:0102758",1,0.984269978896835,0,1,"very-long-chain enoyl-CoA reductase activity","MF"
"2528","GO:0102773",1,0.974839865685182,0,2,"dihydroceramide kinase activity","MF"
"2529","GO:0102786",1,0.876330541107292,0,8,"stearoyl-[acp] desaturase activity","MF"
"2530","GO:0102799",1,0.971153275748763,0,2,"glucosinolate glucohydrolase activity","MF"
"2531","GO:0102822",1,0.984865727052039,0,1,"quercetin 3'-O-methyltransferase activity","MF"
"2532","GO:0102867",1,0.963885121086781,0,3,"molybdenum cofactor sulfurtransferase activity","MF"
"2533","GO:0102965",1,0.883606861273724,0,9,"alcohol-forming fatty acyl-CoA reductase activity","MF"
"2534","GO:0102966",1,0.828864114610507,0,8,"arachidoyl-CoA:1-dodecanol O-acyltransferase activity","MF"
"2535","GO:0102983",1,0.986648497474843,0,1,"xylogalacturonan beta-1,3-xylosyltransferase activity","MF"
"2536","GO:0102985",1,0.969506688033885,0,2,"Delta12-fatty-acid desaturase activity","MF"
"2537","GO:0102996",1,0.97283355263216,0,2,"beta,beta digalactosyldiacylglycerol galactosyltransferase activity","MF"
"2538","GO:0103007",1,0.985750817638885,0,1,"indole-3-acetate carboxyl methyltransferase activity","MF"
"2539","GO:0103012",1,0.967576622978234,0,2,"ferredoxin-thioredoxin reductase activity","MF"
"2540","GO:0103025",1,0.957373474958031,0,3,"alpha-amylase activity (releasing maltohexaose)","MF"
"2541","GO:0103045",1,0.971310518810825,0,2,"methione N-acyltransferase activity","MF"
"2542","GO:0103053",1,0.983177856930164,0,1,"1-ethyladenine demethylase activity","MF"
"2543","GO:0103066",1,0.962499674095245,0,3,"4alpha-carboxy-4beta-methyl-5alpha-cholesta-8-en-3beta-ol:NAD(P)+ 3-oxidoreductase (decarboxylating) activity","MF"
"2544","GO:0103067",1,0.962499674095245,0,3,"4alpha-carboxy-5alpha-cholesta-8-en-3beta-ol:NAD(P)+ 3-dehydrogenase (decarboxylating) activity","MF"
"2545","GO:0103073",1,0.987612153725265,0,1,"anandamide amidohydrolase activity","MF"
"2546","GO:0103075",1,0.890642194336286,0,7,"indole-3-pyruvate monooxygenase activity","MF"
"2547","GO:0103095",1,0.828864114610507,0,8,"wax ester synthase activity","MF"
"2548","GO:0103099",1,0.98247902060734,0,1,"UDP-glucose:5-methylthiopentylhydroximate S-glucosyltransferase activity","MF"
"2549","GO:0103100",1,0.98247902060734,0,1,"UDP-glucose: 6-methylthiohexylhydroximate S-glucosyltransferase activity","MF"
"2550","GO:0103101",1,0.98247902060734,0,1,"UDP-glucose:7-methylthioheptylhydroximate S-glucosyltransferase activity","MF"
"2551","GO:0103102",1,0.98247902060734,0,1,"UDP-glucose:8-methylthiooctylhydroximate S-glucosyltransferase activity","MF"
"2552","GO:0103103",1,0.98247902060734,0,1,"UDP-glucose: 9-methylthiononylhydroximate S-glucosyltransferase activity","MF"
"2553","GO:0106029",1,0.937093813177334,0,4,"tRNA pseudouridine synthase activity","MF"
"2554","GO:0106073",1,0.985209497189657,0,1,"dolichyl pyrophosphate Glc2Man9GlcNAc2 alpha-1,2-glucosyltransferase activity","MF"
"2555","GO:0106144",1,0.984436645076059,0,1,"fraxetin 5-hydroxylase activity","MF"
"2556","GO:0106145",1,0.983182857528786,0,1,"scopoletin 8-hydroxylase activity","MF"
"2557","GO:0106149",1,0.984383368897851,0,1,"indole-3-carbonyl nitrile 4-hydroxylase activity","MF"
"2558","GO:0110050",1,0.985435987187578,0,1,"deaminated glutathione amidase activity","MF"
"2559","GO:0120013",1,0.840177858363922,0,10,"intermembrane lipid transfer activity","MF"
"2560","GO:0140078",1,0.901941741332579,0,7,"class I DNA-(apurinic or apyrimidinic site) endonuclease activity","MF"
"2561","GO:0140110",1,0.937377754820348,0,4,"transcription regulator activity","MF"
"2562","GO:0140142",1,0.975552480447035,0,2,"nucleocytoplasmic carrier activity","MF"
"2563","GO:0140223",1,0.985082481610966,0,1,"general transcription initiation factor activity","MF"
"2564","GO:1901149",1,0.941439993264864,0,4,"salicylic acid binding","MF"
"2565","GO:1901612",1,0.987379732801222,0,1,"cardiolipin binding","MF"
"2566","GO:1901683",1,0.984721775563326,0,1,"arsenate ion transmembrane transporter activity","MF"
"2567","GO:1901981",1,0.865522878366295,0,8,"phosphatidylinositol phosphate binding","MF"
"2568","GO:1901982",1,0.910131827367877,0,6,"maltose binding","MF"
"2569","GO:1902387",1,0.840177858363922,0,10,"ceramide 1-phosphate binding","MF"
"2570","GO:1902388",1,0.840177858363922,0,10,"ceramide 1-phosphate transporter activity","MF"
"2571","GO:1902417",1,0.941844915651364,0,5,"(+)-abscisic acid D-glucopyranosyl ester transmembrane transporter activity","MF"
"2572","GO:1904265",1,0.937553170649765,0,4,"ubiquitin-specific protease activity involved in negative regulation of retrograde protein transport, ER to cytosol","MF"
"2573","GO:1904680",1,0.511571347082293,0,45,"peptide transmembrane transporter activity","MF"
"2574","GO:1905201",1,0.968936592434512,0,2,"gibberellin transmembrane transporter activity","MF"
"2575","GO:1905394",1,0.957587152908279,0,3,"retromer complex binding","MF"
"2576","GO:1990050",1,0.982733758249227,0,1,"phosphatidic acid transporter activity","MF"
"2577","GO:1990055",1,0.985507639072524,0,1,"phenylacetaldehyde synthase activity","MF"
"2578","GO:1990135",1,0.912253251556424,0,4,"flavonoid sulfotransferase activity","MF"
"2579","GO:1990136",1,0.975191472361836,0,2,"linoleate 9S-lipoxygenase activity","MF"
"2580","GO:1990137",1,0.981656006923844,0,1,"plant seed peroxidase activity","MF"
"2581","GO:1990165",1,0.985292681408825,0,1,"single-strand break-containing DNA binding","MF"
"2582","GO:1990188",1,0.970590218193677,0,2,"euchromatin binding","MF"
"2583","GO:1990189",1,0.979704227531499,0,1,"peptide-serine-N-acetyltransferase activity","MF"
"2584","GO:1990190",1,0.979704227531499,0,1,"peptide-glutamate-N-acetyltransferase activity","MF"
"2585","GO:1990206",1,0.987251078315922,0,1,"jasmonyl-Ile conjugate hydrolase activity","MF"
"2586","GO:1990259",1,0.969914333835595,0,2,"histone-glutamine methyltransferase activity","MF"
"2587","GO:1990269",1,0.873361406524951,0,10,"RNA polymerase II C-terminal domain phosphoserine binding","MF"
"2588","GO:1990275",1,0.972704103231247,0,2,"preribosome binding","MF"
"2589","GO:1990380",1,0.961330250454363,0,3,"Lys48-specific deubiquitinase activity","MF"
"2590","GO:1990381",1,0.920433139679706,0,6,"ubiquitin-specific protease binding","MF"
"2591","GO:1990404",1,0.95017743484669,0,4,"protein ADP-ribosylase activity","MF"
"2592","GO:1990446",1,0.985099601279785,0,1,"U1 snRNP binding","MF"
"2593","GO:1990465",1,0.986747246271319,0,1,"aldehyde oxygenase (deformylating) activity","MF"
"2594","GO:1990482",1,0.985197153483217,0,1,"sphingolipid alpha-glucuronosyltransferase activity","MF"
"2595","GO:1990534",1,0.983959904567596,0,1,"thermospermine oxidase activity","MF"
"2596","GO:1990538",1,0.867157933662146,0,9,"xylan O-acetyltransferase activity","MF"
"2597","GO:1990585",1,0.941926517141814,0,4,"hydroxyproline O-arabinosyltransferase activity","MF"
"2598","GO:1990714",1,0.838915899139509,0,12,"hydroxyproline O-galactosyltransferase activity","MF"
"2599","GO:1990825",1,0.885110736298757,0,7,"sequence-specific mRNA binding","MF"
"2600","GO:1990837",1,0.96504398781566,0,2,"sequence-specific double-stranded DNA binding","MF"
"2601","GO:1990841",1,0.930939048706611,0,5,"promoter-specific chromatin binding","MF"
"2602","GO:1990883",1,0.952388148625257,0,4,"rRNA cytidine N-acetyltransferase activity","MF"
"2603","GO:1990886",1,0.985197153483217,0,1,"3,4-dihydroxy-5-polyprenylbenzoic acid O-methyltransferase activity","MF"
"2604","GO:1990931",1,0.987525640969199,0,1,"RNA N6-methyladenosine dioxygenase activity","MF"
"2605","GO:2001066",1,0.972508587891479,0,2,"amylopectin binding","MF"
"2606","GO:2001070",1,0.838558123479772,0,12,"starch binding","MF"
"2607","GO:2001071",1,0.985187819316821,0,1,"maltoheptaose binding","MF"
"2608","GO:2001080",1,0.985782394999603,0,1,"chitosan binding","MF"
